7,25,149.32120083386016,332.2229504220386,270.6141172501291
7,26,150.2694588147046,586.8842150815751,93.10976232519255
7,27,150.24404449167125,449.1370907160982,318.12560825533257
7,28,148.36987558160664,726.5901366664973,148.90395848079257
7,29,149.80624902813494,612.7951716189707,380.4907483827211
7,30,148.16695248708314,910.7696341150097,219.06293990325543
7,31,148.53175160014996,812.2319868739178,461.15119513250943
7,32,148.16825477607213,1137.26899889928,310.018736736983
7,33,152.457261498611,1080.44052496975,563.9906520953162
7,34,151.29828830960568,1427.8043059261345,425.7683656118136
7,35,150.4620887073356,1405.1579319823104,693.57651012184
7,36,149.84349343291373,1802.3526570011477,572.627153194356
7,37,152.16298878765366,1834.1567267729981,861.7531243561266
7,38,151.19766806816384,2284.5345668676673,762.0492067428407
7,39,152.18107909987867,2377.7261307704694,1073.983495574767
7,40,151.52706336537315,2900.269440973089,1002.252310077952
7,41,152.2490527187415,3077.1936476730198,1348.5819591326162
7,42,148.96251153422492,3698.7096106246636,1317.5686498479822
7,43,149.49804510315047,3969.7550776309513,1702.6630321091634
7,44,150.86841776700842,4698.273448036846,1715.3105535742557
7,45,151.1972587525475,5105.910199625718,2151.393239451959
7,46,150.48103181512053,5986.326059456176,2222.5864268144833
7,47,149.82155170995426,6560.502236665079,2727.0186872198537
7,48,149.67830271034873,7633.688846396115,2873.523258446977
7,49,148.65718618963655,8420.04449275703,3463.4832437124855
8,0,142.26917245275607,116.6716537358115,81.76187708611087
8,1,147.36198170358168,88.9307885875997,115.20885219730675
8,2,149.75159946625726,115.04716052556078,86.04768967527767
8,3,151.18944848115106,80.6276419139829,113.20046197944883
8,4,150.43197573811332,119.1952830833483,84.73481725263672
8,5,151.08510675495913,75.24364159085275,113.92613195581542
8,6,150.46730272414442,124.11993275430342,86.97055904845962
8,7,151.56494540899183,68.969121477436,112.72892014418885
8,8,149.22167328573272,132.97459057144323,85.52416155438286
8,9,151.04704447964926,61.12465108076308,115.09822031797016
8,10,153.06706776525755,132.30534158305926,82.80476354875225
8,11,149.08215349752075,63.42419220112478,118.59833226816988
8,12,148.59613288666196,144.98360020530606,79.56375469007367
8,13,150.96029423578227,42.267102114873,122.4657341624591
8,14,151.52349138907616,159.59874926940375,75.58150932072891
8,15,151.18585145683866,28.248458307746944,127.03968352202223
8,16,150.91197911564944,176.89161912211387,67.84975548621625
8,17,151.207398786973,9.172722686498105,135.59142431283146
8,18,150.78959541202468,194.47994079164152,60.64835170205283
8,19,151.4541266500339,11.358380922683153,144.71649651073443
8,20,149.75419765136402,223.30726643951556,48.63509165910047
8,21,150.13478132213461,38.51545875332886,157.1625642683129
8,22,149.24932644990443,254.90856164413208,34.285805478804065
8,23,151.49336259861198,80.96562435601297,173.17783761650628
8,24,150.63214576130596,300.92851657915264,18.340754172126225
8,25,149.90572476846845,126.94809856111698,190.79180158088138
8,26,152.75141489914753,348.2704273312746,1.7793226660718915
8,27,152.2001767669033,188.7232695635426,211.48567816634184
8,28,150.21802250304498,424.1577545404076,28.994725740139444
8,29,150.97452245619644,273.6261509188049,245.93385492030447
8,30,150.06944157984856,522.7229087687588,66.39174851248569
8,31,149.4359035178768,378.91160451658936,285.47978551221183
8,32,148.6281729150524,643.5384623844914,110.85427006921512
8,33,149.17148159459904,512.4429677078354,338.45704854419415
8,34,150.41272796143966,788.7866193104528,171.69182564345164
8,35,150.46573000667956,683.3877947574072,407.1681396741462
8,36,150.99421720468916,981.4803003940904,247.36031697374983
8,37,150.3922365261533,900.5119834391622,492.9764696515288
8,38,148.72547637980935,1232.4263455604796,346.1521663312618
8,39,148.80315740405848,1179.0587557511396,603.4005461002249
8,40,148.5572456430996,1552.0471713308107,472.6389430715958
8,41,150.05955134942647,1544.0703145544117,748.6906727842072
8,42,149.85508444144827,1961.619255989197,632.9563054382113
8,43,152.32838210034248,2014.8892287097547,930.9580991194669
8,44,150.95238453088706,2488.3488134809536,844.4715516944382
8,45,151.9138827625922,2606.2903557798563,1167.0657061455317
8,46,151.22250234302908,3154.115201061939,1106.7056968257157
8,47,150.5118561774166,3359.031105716666,1463.6533495309727
8,48,151.79670428436728,4006.786978842519,1443.505739039289
8,49,151.69588890923745,4324.889993619083,1845.5909450159613
9,0,142.32981558355857,119.29034249173372,80.19305359872669
9,1,146.36550963796293,86.19988977967694,113.87122349031492
9,2,148.14549640255746,122.36921008237636,86.67339594272676
9,3,148.80844143587234,79.2598441706851,109.16720298712232
9,4,151.81154960171483,119.1095146388845,89.60235271232497
9,5,150.42799590609184,76.18176421798185,108.75550964435394
9,6,149.0646326273821,130.39746436422146,86.31419389615041
9,7,148.28006888893844,70.30276690911622,112.6989277229164
9,8,148.89496561024006,137.01011617436123,83.9252283927083
9,9,150.55661998100405,55.19516181778056,115.85097567794591
9,10,151.34668306453597,147.04117923293379,81.40996299246957
9,11,150.34119663589706,46.05139577056863,118.6101486991509
9,12,151.045875028194,158.25660170639532,77.18428713889217
9,13,149.56876065847828,34.261237927410576,126.95583994331103
9,14,149.93157982740993,176.05508898431566,68.53336492983951
9,15,151.14353775929612,7.911040735980194,134.32358215964524
9,16,150.645047881873,201.64458743450433,59.90033243121361
9,17,149.83199625779017,16.903695297422857,143.76448576914717
9,18,149.11742249736267,235.87356152387105,47.196536610066744
9,19,149.87019996939225,54.91854745717086,161.78689810226723
9,20,149.58610898299472,277.3559589183351,29.02250274902771
9,21,150.30830167284537,103.28919132381537,180.55897182703592
9,22,151.14070941080158,326.6842789852831,6.834096885359003
9,23,151.87294054516207,164.3914887309635,204.76668334146527
9,24,147.65809912899147,405.1566757814549,18.81009041165271
9,25,147.86403568685327,238.79146091236976,233.845437534378
9,26,149.68673854938947,483.26323973701614,52.12941150223804
9,27,152.55225137868462,342.8240507388473,271.75979709257115
9,28,150.73619198054092,599.7083599231989,95.53260119433597
9,29,150.33114235071392,466.1799157583339,321.5240664041359
9,30,151.53435509780522,736.1024757310375,150.5654088655942
9,31,149.86397225180414,620.4665780068881,381.36773914479454
9,32,148.52733897322454,916.0781047701662,221.4756999527616
9,33,150.42115543524685,823.0791281288152,464.01082015554806
9,34,150.88225009030828,1139.0163918775647,312.4931495365367
9,35,150.0963900843204,1079.4162815855364,562.1036407121057
9,36,148.7442011686325,1434.833187787651,424.97565193934076
9,37,150.4753080587975,1410.603087664301,695.0596238847534
9,38,149.93222092399503,1807.697252641112,575.7957218211596
9,39,149.08765116989682,1827.9045124046393,862.8471450889194
9,40,152.02755167006717,2271.8271189599,763.206541593895
9,41,150.55456734611278,2361.542379212527,1075.9642561522153
9,42,150.2084493674445,2883.4294386023334,1003.218040651222
9,43,148.78659439591104,3046.029799576985,1345.9846450923137
9,44,149.63827229918564,3658.7471610318134,1307.5731799016228
9,45,147.6039699543893,3920.3461264713787,1688.0682385595965
9,46,148.26073084666422,4648.8864638954665,1697.3924179366513
9,47,150.84408945459586,5049.406112944493,2131.167555446828
9,48,151.51281897347513,5918.290582826527,2197.6786609926758
9,49,151.33606287586585,6489.992317682376,2698.225896757452
