2,23,1.0,150.83570556865917,95.16047415687184,97.70266459902834
2,24,0.0,148.18026847816841,103.8113810406667,98.68173747310789
2,25,1.0,149.73660557162626,102.32348494328203,99.83715437727365
2,26,0.0,149.82413889954807,97.97591889150773,95.80549873347307
2,27,1.0,149.62383932934083,98.1039925323492,99.1482452730146
2,28,0.0,149.12677123293483,100.07033272632151,97.17505347671263
2,29,0.0,150.13146125574576,99.7127140095011,100.2381712053824
2,30,1.0,150.77901999732674,97.62350310366406,97.91662856713421
2,31,0.0,148.9121119455574,101.34586757627609,102.73272425524993
2,32,0.0,151.39268407383807,98.2804144624818,94.54992100072288
2,33,1.0,151.18227569123954,93.48566352782909,99.9676669757661
2,34,0.0,148.3524891275092,104.58008121770858,96.36649896015139
2,35,1.0,148.93423864514006,104.06413302952708,101.88021718040163
2,36,1.0,150.74135482079657,101.52011082137184,98.75046968368656
2,37,0.0,148.4961672272904,97.15402973024658,100.23648045440719
2,38,0.0,151.03203635293522,102.0912796328988,96.4559426848668
2,39,0.0,148.65210920229381,99.34182993367753,100.96893563143428
2,40,1.0,148.90212306028224,99.26615439385353,98.14689735821186
2,41,1.0,148.60906071571708,97.3352814462761,99.69580955342222
2,42,1.0,152.1821490360444,95.87101313449303,98.7276187326392
2,43,0.0,145.96087688216627,102.95531185202059,100.04147152502885
2,44,1.0,147.52316850307363,98.87535750671798,98.8525559108535
2,45,0.0,152.04096027028925,101.85333413072021,95.88900041310609
2,46,0.0,147.65023821161083,98.47115474707194,99.71772366940593
2,47,0.0,149.94676499676953,99.88763860177983,101.84715296622639
2,48,1.0,149.56387243886795,98.7124851475795,98.12751356505233
2,49,1.0,150.15311849765678,98.79662306221108,101.12133339538916
3,0,0.0,162.99104833033627,119.65454330325363,97.30052682375663
3,1,0.0,134.93917620753288,86.38911265940177,98.37515723499536
3,2,1.0,141.591760032819,88.23700150420112,96.9642434236361
3,3,0.0,159.33924333789426,107.6777834732289,100.38007730692003
3,4,0.0,139.93915985263746,94.226730857286,96.67447677989092
3,5,0.0,159.51262103254894,103.9318818201392,101.98904231324462
3,6,1.0,156.03058305431333,101.11183404606432,95.7917497465452
3,7,1.0,152.2490557391052,99.68923232914477,101.00213908520506
3,8,1.0,151.30011097310916,97.38061343388202,96.5970773516505
3,9,1.0,150.8108414496729,96.7738044351232,97.69346587770266
3,10,0.0,148.41419762873758,100.78148499556931,101.71784310013082
3,11,0.0,151.1615216689564,99.06065063439024,94.64195936194795
3,12,0.0,148.23180608689967,102.47480432986113,99.1451278873536
3,13,0.0,151.3653469818424,96.62207041035687,96.73315334637643
3,14,0.0,148.3273096996812,101.72445123768604,102.85235583233784
3,15,1.0,149.1651713763869,100.81533963599495,97.75892392427664
3,16,0.0,150.11724651978716,100.71260204691244,99.51658649487011
3,17,1.0,150.76944236327842,98.45303772445041,100.09605805479426
3,18,0.0,147.61629000466226,101.62489413936954,97.1463178200029
3,19,1.0,147.55401511786292,102.46048844050533,99.34978611658543
3,20,1.0,148.29164254044514,102.24660119604522,97.60394991623774
3,21,0.0,151.46125534729597,99.487671661746,98.33843191340625
3,22,1.0,151.22169011496783,99.20376124118157,100.02346225278202
3,23,0.0,146.8448243030633,98.93997989866045,100.1510541504857
3,24,1.0,146.89798964981807,98.901807274848,98.00772967442694
3,25,1.0,147.77943696638619,98.45664648018477,99.01145553827946
3,26,1.0,148.3817635757764,96.8591457059128,99.54462801906885
3,27,0.0,152.69344511444487,101.39837987400149,94.76684146258722
3,28,1.0,151.6946912395635,100.82840935105752,102.0527363749111
3,29,1.0,151.4336717011946,101.61130470721727,98.44258434431471
3,30,1.0,150.89330999293244,100.18894865746283,98.96619957300526
3,31,0.0,148.4760994280028,100.08410227060627,98.84748814990196
3,32,1.0,148.55261722937672,97.9468769392907,99.99643236768783
3,33,0.0,151.3699553807099,102.09907721977365,95.97268419542448
3,34,1.0,150.7982735596413,101.3467856357332,98.14337782709885
3,35,0.0,148.9375718356918,98.33683825472264,100.30842491438243
3,36,0.0,150.8211125879585,101.94744293864932,99.28885983974742
3,37,0.0,148.6429214762184,99.00188725700858,99.27834371951569
3,38,1.0,150.27176079520603,98.73499592592987,98.26113315277443
3,39,0.0,149.2946600132892,101.48561321939322,99.27062866627315
3,40,1.0,149.8376078504616,98.18238442522737,98.69832909373093
3,41,1.0,149.73483443808067,98.75970374958433,98.80741935409951
3,42,1.0,150.46974258419968,97.9339872577749,98.43468646343038
3,43,1.0,150.44732315213486,96.46852089478827,99.38184381926443
3,44,0.0,149.89411567725938,102.73887686123756,97.37555125426134
3,45,0.0,147.95637154605043,97.52515422620125,100.67299947428347
3,46,0.0,152.01227326655825,102.12728968164113,98.03933199188909
3,47,1.0,151.84069145672396,100.62342489968016,98.04393463048635
3,48,1.0,151.12382936600468,98.55980616343393,97.4078492651048
3,49,1.0,151.3115567392597,97.42908285617223,100.1655274830906
4,0,0.0,163.57902750360796,122.38830729179558,93.19687598978709
4,1,1.0,157.71175588562338,116.381126310604,99.1943272842513
4,2,1.0,154.35547261968745,112.34823027792005,98.03902155491024
4,3,1.0,152.4653821500391,110.2643643715468,97.28329714394808
4,4,0.0,145.5449385071639,93.856513215596,100.10136048691457
4,5,0.0,155.13641134572632,104.4435030036041,100.37274583945543
4,6,1.0,152.51662893331917,103.83832021720963,96.11974270292622
4,7,1.0,151.24730048602106,102.7879847961498,99.8267405740102
4,8,0.0,148.20008545979996,96.65500421580585,97.92251848026099
4,9,1.0,150.07701576573848,96.2921423200136,98.6265023508677
4,10,0.0,149.55169446171064,101.55231135228503,99.92240504513576
4,11,1.0,150.3244374176138,98.02657123311423,98.66446828255303
4,12,1.0,150.87175174520718,98.03021808541713,97.50934292236127
4,13,1.0,150.21618850622835,99.4670902642778,100.45224979308396
4,14,0.0,148.7565931663585,100.59151000617688,98.4864664722384
4,15,1.0,149.43825039020675,99.63500783569745,98.59923618169871
4,16,1.0,149.77138007474474,99.4885661488742,97.76876986018982
4,17,0.0,148.86288329591153,98.89953480215662,96.89102696254653
4,18,0.0,151.20119248763464,100.21324895482806,101.85313105480738
4,19,1.0,150.90531230376297,98.11387215647258,96.41847529219557
4,20,0.0,148.8526806320392,99.40962706679406,97.86539439137734
4,21,1.0,149.03004744078365,97.45304452202569,99.64082549362983
4,22,0.0,151.10108358231443,101.91468910200167,98.21685424000687
4,23,0.0,148.22737976495895,98.2281559334357,101.13186414463956
4,24,1.0,149.48745652106564,97.91295900405943,97.98888644383291
4,25,0.0,150.87655975214716,101.42631020918614,98.71146651646592
4,26,1.0,151.149609147668,99.4476752606945,99.97617902344949
4,27,1.0,151.8467910460391,96.53539771093499,98.58282330936156
4,28,0.0,146.8558300757277,103.97155341793963,97.68997610936997
4,29,1.0,149.16949221759583,103.38540439422013,99.9252547278019
4,30,0.0,150.22187079551986,96.22572222136877,98.27197841708403
4,31,1.0,150.45375706665413,97.91694477350077,98.64199933392395
4,32,0.0,148.9629006288592,103.56359684084696,97.82425104737662
4,33,1.0,149.20168631187846,105.26800367072546,101.18680274113585
4,34,0.0,149.4049547909051,95.89756438575317,97.46486683076792
4,35,1.0,149.52222780351318,94.57832528821899,98.50695735853598
4,36,0.0,150.88522742753938,103.74158469411046,97.02508217544207
4,37,1.0,150.84539706224848,102.66268073641676,97.56851597075088
4,38,0.0,146.74820310407623,96.66261365101268,101.37055080246482
4,39,1.0,148.61051070108275,96.7288518648794,98.94747269525737
4,40,0.0,152.8808681273149,104.73586988621436,100.39841232723266
4,41,1.0,152.454083095539,103.45736458000896,97.73597652617329
4,42,0.0,146.66159561400028,98.9259523812703,100.4950274556547
4,43,1.0,149.06949882939435,97.53457199137885,100.10128592728071
4,44,0.0,150.9226061762223,101.16635976079763,97.09918027128893
4,45,0.0,147.30244153180405,97.58825623868287,99.93799349699165
4,46,1.0,148.24421082875844,96.5932004391158,96.72755821377119
4,47,1.0,148.52856983102572,93.44338833389565,101.64650809837066
4,48,1.0,149.055515995928,93.74571003251062,97.29793838503869
