7,25,149.32120083386016,282.2229504220386,320.6141172501291
7,26,150.2694588147046,636.8842150815751,43.10976232519255
7,27,150.24404449167125,399.1370907160982,368.12560825533257
7,28,148.36987558160664,776.5901366664973,98.90395848079257
7,29,149.80624902813494,562.7951716189707,430.4907483827211
7,30,148.16695248708314,960.7696341150097,169.06293990325543
7,31,148.53175160014996,762.2319868739178,511.15119513250943
7,32,148.16825477607213,1187.26899889928,260.018736736983
7,33,152.457261498611,1030.44052496975,613.9906520953162
7,34,151.29828830960568,1477.8043059261345,375.7683656118136
7,35,150.4620887073356,1355.1579319823104,743.57651012184
7,36,149.84349343291373,1852.3526570011477,522.627153194356
7,37,152.16298878765366,1784.1567267729981,911.7531243561266
7,38,151.19766806816384,2334.5345668676673,712.0492067428407
7,39,152.18107909987867,2327.7261307704694,1123.983495574767
7,40,151.52706336537315,2950.269440973089,952.252310077952
7,41,152.2490527187415,3027.1936476730198,1398.5819591326162
7,42,148.96251153422492,3748.7096106246636,1267.5686498479822
7,43,149.49804510315047,3919.7550776309513,1752.6630321091634
7,44,150.86841776700842,4748.273448036846,1665.3105535742557
7,45,151.1972587525475,5055.910199625718,2201.393239451959
7,46,150.48103181512053,6036.326059456176,2172.5864268144833
7,47,149.82155170995426,6510.502236665079,2777.0186872198537
7,48,149.67830271034873,7683.688846396115,2823.523258446977
7,49,148.65718618963655,8370.04449275703,3513.4832437124855
8,0,142.26917245275607,166.6716537358115,131.76187708611087
8,1,147.36198170358168,138.9307885875997,165.20885219730675
8,2,149.75159946625726,165.04716052556077,136.04768967527767
8,3,151.18944848115106,130.6276419139829,163.20046197944882
8,4,150.43197573811332,169.1952830833483,134.73481725263673
8,5,151.08510675495913,125.24364159085275,163.92613195581544
8,6,150.46730272414442,174.11993275430342,136.97055904845962
8,7,151.56494540899183,118.969121477436,162.72892014418886
8,8,149.22167328573272,182.97459057144323,135.52416155438286
8,9,151.04704447964926,111.12465108076307,165.09822031797015
8,10,153.06706776525755,182.30534158305926,132.80476354875225
8,11,149.08215349752075,113.42419220112478,168.59833226816988
8,12,148.59613288666196,194.98360020530606,129.56375469007367
8,13,150.96029423578227,92.267102114873,172.4657341624591
8,14,151.52349138907616,209.59874926940375,125.58150932072891
8,15,151.18585145683866,78.24845830774694,177.03968352202224
8,16,150.91197911564944,226.89161912211387,117.84975548621625
8,17,151.207398786973,59.172722686498105,185.59142431283146
8,18,150.78959541202468,244.47994079164152,110.64835170205282
8,19,151.4541266500339,38.64161907731685,194.71649651073443
8,20,149.75419765136402,273.30726643951556,98.63509165910047
8,21,150.13478132213461,11.484541246671142,207.1625642683129
8,22,149.24932644990443,304.9085616441321,84.28580547880406
8,23,151.49336259861198,30.965624356012967,223.17783761650628
8,24,150.63214576130596,350.92851657915264,68.34075417212622
8,25,149.90572476846845,76.94809856111698,240.79180158088138
8,26,152.75141489914753,398.2704273312746,48.22067733392811
8,27,152.2001767669033,138.7232695635426,261.4856781663418
8,28,150.21802250304498,474.1577545404076,21.005274259860556
8,29,150.97452245619644,223.6261509188049,295.9338549203045
8,30,150.06944157984856,572.7229087687588,16.39174851248569
8,31,149.4359035178768,328.91160451658936,335.47978551221183
8,32,148.6281729150524,693.5384623844914,60.85427006921512
8,33,149.17148159459904,462.44296770783535,388.45704854419415
8,34,150.41272796143966,838.7866193104528,121.69182564345164
8,35,150.46573000667956,633.3877947574072,457.1681396741462
8,36,150.99421720468916,1031.4803003940904,197.36031697374983
8,37,150.3922365261533,850.5119834391622,542.9764696515288
8,38,148.72547637980935,1282.4263455604796,296.1521663312618
8,39,148.80315740405848,1129.0587557511396,653.4005461002249
8,40,148.5572456430996,1602.0471713308107,422.6389430715958
8,41,150.05955134942647,1494.0703145544117,798.6906727842072
8,42,149.85508444144827,2011.619255989197,582.9563054382113
8,43,152.32838210034248,1964.8892287097547,980.9580991194669
8,44,150.95238453088706,2538.3488134809536,794.4715516944382
8,45,151.9138827625922,2556.2903557798563,1217.0657061455317
8,46,151.22250234302908,3204.115201061939,1056.7056968257157
8,47,150.5118561774166,3309.031105716666,1513.6533495309727
8,48,151.79670428436728,4056.786978842519,1393.505739039289
8,49,151.69588890923745,4274.889993619083,1895.5909450159613
9,0,142.32981558355857,169.29034249173372,130.1930535987267
9,1,146.36550963796293,136.19988977967694,163.87122349031492
9,2,148.14549640255746,172.36921008237636,136.67339594272676
9,3,148.80844143587234,129.25984417068508,159.16720298712232
9,4,151.81154960171483,169.10951463888452,139.60235271232497
9,5,150.42799590609184,126.18176421798185,158.75550964435394
9,6,149.0646326273821,180.39746436422146,136.3141938961504
9,7,148.28006888893844,120.30276690911622,162.6989277229164
9,8,148.89496561024006,187.01011617436123,133.9252283927083
9,9,150.55661998100405,105.19516181778056,165.8509756779459
9,10,151.34668306453597,197.04117923293379,131.40996299246956
9,11,150.34119663589706,96.05139577056863,168.6101486991509
9,12,151.045875028194,208.25660170639532,127.18428713889217
9,13,149.56876065847828,84.26123792741058,176.95583994331105
9,14,149.93157982740993,226.05508898431566,118.53336492983951
9,15,151.14353775929612,57.911040735980194,184.32358215964524
9,16,150.645047881873,251.64458743450433,109.90033243121361
9,17,149.83199625779017,33.09630470257714,193.76448576914717
9,18,149.11742249736267,285.87356152387105,97.19653661006674
9,19,149.87019996939225,4.91854745717086,211.78689810226723
9,20,149.58610898299472,327.3559589183351,79.02250274902771
9,21,150.30830167284537,53.28919132381537,230.55897182703592
9,22,151.14070941080158,376.6842789852831,56.834096885359
9,23,151.87294054516207,114.39148873096349,254.76668334146527
9,24,147.65809912899147,455.1566757814549,31.18990958834729
9,25,147.86403568685327,188.79146091236976,283.845437534378
9,26,149.68673854938947,533.2632397370162,2.1294115022380424
9,27,152.55225137868462,292.8240507388473,321.75979709257115
9,28,150.73619198054092,649.7083599231989,45.53260119433597
9,29,150.33114235071392,416.1799157583339,371.5240664041359
9,30,151.53435509780522,786.1024757310375,100.56540886559421
9,31,149.86397225180414,570.4665780068881,431.36773914479454
9,32,148.52733897322454,966.0781047701662,171.4756999527616
9,33,150.42115543524685,773.0791281288152,514.0108201555481
9,34,150.88225009030828,1189.0163918775647,262.4931495365367
9,35,150.0963900843204,1029.4162815855364,612.1036407121057
9,36,148.7442011686325,1484.833187787651,374.97565193934076
9,37,150.4753080587975,1360.603087664301,745.0596238847534
9,38,149.93222092399503,1857.697252641112,525.7957218211596
9,39,149.08765116989682,1777.9045124046393,912.8471450889194
9,40,152.02755167006717,2321.8271189599,713.206541593895
9,41,150.55456734611278,2311.542379212527,1125.9642561522153
9,42,150.2084493674445,2933.4294386023334,953.218040651222
9,43,148.78659439591104,2996.029799576985,1395.9846450923137
9,44,149.63827229918564,3708.7471610318134,1257.5731799016228
9,45,147.6039699543893,3870.3461264713787,1738.0682385595965
9,46,148.26073084666422,4698.8864638954665,1647.3924179366513
9,47,150.84408945459586,4999.406112944493,2181.167555446828
9,48,151.51281897347513,5968.290582826527,2147.6786609926758
9,49,151.33606287586585,6439.992317682376,2748.225896757452
