2,24,148.48696623547468,516.1139087745343,8.084475240869097
2,25,149.36577619332502,260.9893045178989,311.59838497493274
2,26,148.34750789132633,619.882147639458,38.467019263170414
2,27,149.78158683742038,383.4626254884929,361.7555135466019
2,28,150.0422585560869,752.4488425800847,88.13937884376986
2,29,152.19111539784902,538.4195661485855,420.69772785722705
2,30,149.5749760454388,928.4997428003935,157.710224996384
2,31,147.8267205973703,723.8543890770337,495.6304633632054
2,32,149.77559909670396,1139.087385806913,241.20869193096792
2,33,150.95093569774815,973.2366243658857,591.5532634042079
2,34,151.3375092340034,1414.4923489738826,350.57628260437514
2,35,150.53379616561548,1282.9225667196442,714.951821793312
2,36,149.90006172115565,1768.7985708712686,489.9253423658522
2,37,150.30566650969632,1682.1077816253219,873.117778765079
2,38,149.88401800258308,2222.8112908742537,667.8608625412871
2,39,149.3779244865429,2193.7315369418598,1076.5567968837981
2,40,149.42440597170295,2803.8926857826054,898.3245453615132
2,41,149.14434239802128,2847.942951328171,1334.6718195300534
2,42,146.23130756236142,3551.09133897845,1191.542765266808
2,43,149.65972743262333,3696.5525466075587,1666.6312376046212
2,44,151.45451303690805,4498.931646064793,1566.7368058423174
2,45,151.28890395202131,4775.501058816018,2093.0143584975776
2,46,150.5692942270549,5720.481173140205,2049.3616233294615
2,47,148.85208521106745,6150.740421798988,2637.7611099204746
2,48,147.72516099110442,7283.283728862687,2664.350616548677
2,49,148.1643457908271,7912.784300402504,3332.6263234681264
3,0,141.16978381934055,170.37295295009392,127.75839611948584
3,1,147.1525513438564,133.96899946736184,165.21277737411583
3,2,149.23744709202595,168.25846986321042,135.79489931872254
3,3,149.13961724670315,132.849065443591,159.6931188793284
3,4,149.87317541436875,168.02059464514022,139.34004999430977
3,5,150.2744348575834,125.70583408202025,160.63856113333057
3,6,150.0116603296983,175.1879711630738,138.42118543184517
3,7,149.95273031644479,119.08974606758945,161.59735817494374
3,8,150.26117722578147,184.9846893170444,136.31572176748762
3,9,151.6203213837827,102.0235572272399,165.05763719748253
3,10,150.41522429244205,204.4404284548982,130.37786177083314
3,11,151.34248545163874,83.9496813409904,173.13392930282157
3,12,149.33726920769402,225.72821705775522,121.4665037587358
3,13,151.45532476499307,59.18680543604624,180.6987249910706
3,14,149.09691654390414,257.8102501022782,111.14480135993733
3,15,149.73095493865435,27.68034341732593,194.99119410635797
3,16,150.2493712386598,282.9888483140382,97.44755592233582
3,17,149.0841285968119,1.6754335821525785,208.90641663823695
3,18,150.78211714349337,316.8552093329639,82.81257529658407
3,19,148.89543788324144,38.20418611710261,223.37025498470032
3,20,148.84156029902158,366.701954571371,65.1031663357582
3,21,150.81102945115748,97.57671609680878,246.11468326911282
3,22,148.13708483284032,433.9640779775774,40.64835883768262
3,23,149.40451322645416,171.30220805825218,275.45739335321576
3,24,149.16755285770398,513.2901273522186,8.76207615392417
3,25,149.40176228567407,262.41705342227715,310.83098514469646
3,26,151.98470332385102,609.4661318575568,31.265296005218488
3,27,150.01137529427345,371.15997535502754,353.5845429174102
3,28,151.76234401230175,730.4853232423407,79.44455508347238
3,29,150.01588376214752,507.07584288868657,408.1847624935448
3,30,149.45253753351858,894.7755711092374,142.6788954037815
3,31,150.3123742175221,695.60372159145,480.20976860481977
3,32,148.82263607897227,1111.725657720769,225.80884441930016
3,33,147.2384060182735,929.3174669975169,572.28726829688
3,34,149.38935562060885,1371.670130761237,330.2045068077473
3,35,149.73165925343142,1234.3972955430074,694.1707555870513
3,36,151.9516798068098,1710.3368484192958,467.1363446460307
3,37,148.67658217555737,1609.2818275785962,846.3738595135368
3,38,150.58883680210474,2140.2655043311024,635.9781496294572
3,39,151.13421523491112,2104.2845799469665,1037.5858436649476
3,40,151.32049403669507,2694.2181280198383,854.5582773920935
3,41,150.95835538282142,2731.0209143163715,1284.1983046879795
3,42,150.11242678364775,3406.62925710482,1134.4488532194998
3,43,149.19828093571053,3530.9045165716752,1600.932271027505
3,44,150.18117143488917,4312.359513730298,1492.6114856305055
3,45,150.1052498241848,4556.440364130751,2009.1395902429936
3,46,149.66609373527055,5475.173848399188,1951.927932625652
3,47,150.85639104721074,5876.696002032522,2525.666131311526
3,48,151.12820103742246,6964.0930525835865,2538.9003732480032
3,49,149.86893835376492,7557.925870245313,3190.518750983046
4,0,139.7403985266998,173.05820060852798,126.29703763286437
4,1,145.31786083163132,140.53705752421004,166.18500417444045
4,2,148.05659920070508,163.23083752404452,137.15529130045363
4,3,149.39553132246277,135.40304138365906,162.431049051447
4,4,151.41665396875152,158.67231992885513,137.86935271468545
4,5,149.5160202918042,143.92826031533176,159.29651582238813
4,6,150.33699595755692,157.7551331789555,142.06679965703975
4,7,150.0766128013309,138.74185563004875,155.84448644860333
4,8,150.06542791655676,163.53866649847777,143.80460215400987
4,9,150.07328835084195,132.80466413728334,155.12534066672882
4,10,149.3193225085435,170.91245490119556,141.1642430247839
4,11,149.90628887990533,126.91058937540497,159.3463356233643
4,12,150.19654991766367,173.84377393744688,139.09863626355033
4,13,149.4342815027365,125.89937365744211,161.09801897512716
4,14,148.1058763352177,182.42217995110514,137.30751831688087
4,15,148.32705296844435,116.89891600149014,164.3459607108477
4,16,151.37141930018896,184.02627788966987,133.43192031711772
4,17,149.64496448360018,111.5481236868967,168.36991483757532
4,18,150.30066325658933,191.16454280303216,132.12415337515975
4,19,149.67299321919114,103.89185278942448,168.47516182172075
4,20,149.692765988299,201.3774116067935,127.23144092776633
4,21,148.18672293940944,96.3040922195085,174.0925930191592
4,22,148.92820533914428,214.35025008571745,122.72920508014084
4,23,150.767246421693,73.06281607732801,178.3722213720771
4,24,149.05121751662082,239.6153886075819,114.67011717551986
4,25,148.76898877286234,47.528428326494165,188.65690965376302
4,26,148.80649441648032,269.2760453755583,104.20010927922408
4,27,150.77491791403298,13.531798539771387,200.03315865630208
4,28,150.25814167945063,304.7677779194919,91.29301638108852
4,29,150.9231374027288,26.764160337785654,217.3955470572538
4,30,150.96990752600706,346.20739252344083,73.47246755937077
4,31,150.3266852449835,73.42170934067147,235.9230502495961
4,32,150.67759792660675,401.2776737287226,50.05011830974588
4,33,150.82589449686236,135.3281659420228,263.1246341356948
4,34,148.8577065005676,475.5537361351642,19.7962389798912
4,35,149.37949173587978,215.63688568168936,296.31216663368093
4,36,150.1284849354065,562.9200885567259,14.194067226885636
4,37,150.81333947782255,324.3153064844179,334.1156066998726
4,38,152.14499612524315,679.0928544366368,57.611250829340605
4,39,150.55691748737,450.67748424045726,384.0191607919823
4,40,151.82080332659265,823.2266805717436,115.39261409993259
4,41,149.73394138679404,612.1528969263977,450.1142751584962
4,42,153.26911833394237,1004.1980766856361,189.8371823623524
4,43,150.73764204429816,819.6806650654812,534.2291625324578
4,44,149.77442143118392,1247.6876300623812,285.85381751294375
4,45,149.07087469410718,1089.3154186928869,639.369907103545
4,46,149.84044084780763,1552.2948686343825,403.6658852135686
4,47,147.93578691846815,1431.6099752772693,774.4883661319952
4,48,148.95383715279527,1943.2560586161078,556.4249563560791
