4,49,151.55224411091692,1883.311063842297,950.5305869122956
5,0,143.5152744255206,166.3851401410554,132.37068537781406
5,1,147.22351072734165,137.44135172613807,163.10196713618
5,2,148.92272716177305,166.20942593086397,139.02326825864245
5,3,150.8348377100241,128.68523406573001,160.75576234939493
5,4,151.26805877449522,169.99181435228468,138.55987945311972
5,5,149.98148044552116,127.35453494529341,160.6708949865561
5,6,149.3298148813994,178.2349002441183,138.48654203639234
5,7,147.27575611354104,127.6701378022414,159.77001119393628
5,8,150.04475092903354,174.61972584347217,139.0199356613328
5,9,148.21452546433582,126.81790709343885,161.4852629958516
5,10,147.91918940494776,181.96404775884298,135.20004872314004
5,11,149.6806806134745,110.89029526143133,165.75940663079575
5,12,151.33745195055616,190.80615281830717,132.68512175082046
5,13,150.14131214093848,102.6397904225389,167.72793039378394
5,14,148.06604553351016,208.3867531198161,129.2563771547737
5,15,149.5562078442604,85.20875396930697,172.92288891958538
5,16,149.6425960209178,222.84918887966606,121.71363881624869
5,17,150.3338085887885,67.69691325242907,181.6507617455978
5,18,151.22226463421072,239.1391915882133,114.83139795813759
5,19,149.62504354972432,50.716504050745286,188.97738089897734
5,20,150.15799269600032,259.98151009649257,105.67772303010159
5,21,150.10656057357994,25.869529886257197,197.47076234504152
5,22,151.7100670350657,283.33199861526356,95.24645468113742
5,23,151.8171815852309,9.900690542279278,211.62609940846056
5,24,150.98658442624063,325.76960218788423,80.44610686576567
5,25,149.99690422319458,50.91644702030342,227.85279160549723
5,26,150.93444058247783,374.7452173326021,61.04098377619721
5,27,151.21718304436902,107.72208786821369,250.88196726641746
5,28,150.34753219364805,437.26703107543693,34.86024935216372
5,29,149.4199552386099,173.50070293296983,279.89574129624305
5,30,151.19473084283996,511.25179192453015,4.166641830473168
5,31,150.53641299437345,262.42356841426385,313.1503763690462
5,32,149.80559177531143,616.1648466650246,34.97179060014679
5,33,150.31990594406548,380.0050488816355,356.19812276926007
5,34,149.54536897205767,749.7287860404484,86.21253342058748
5,35,150.17794798437347,530.4228673946834,415.3241376980467
5,36,150.23505569288295,920.593083994126,155.18704942536283
5,37,150.74004870876286,722.9639031614545,494.90372046635935
5,38,149.5864518447945,1137.035214940972,242.03112334269395
5,39,149.4015655244036,966.3663004603632,591.3169705114542
5,40,149.70623620048332,1412.1069364211432,348.96222180790943
5,41,149.97397782160587,1277.1524131948267,713.317690623874
5,42,150.46591001993838,1762.0584982650407,486.96461085043234
5,43,151.2477105879248,1677.878122497485,868.7369563116841
5,44,150.55261625218336,2213.5159754081396,664.0773675614919
5,45,149.9242082977485,2185.9140174491813,1070.720498382138
5,46,151.01147169343915,2786.3474531851643,891.4484425160672
5,47,150.42465982663404,2834.64856909961,1329.6051563018777
5,48,150.35914090325272,3524.6461944893163,1184.5560400212078
5,49,149.37889788531174,3668.6658655091114,1657.283022055867
6,0,140.48900358681763,173.03370022296704,125.70794960308271
6,1,143.38470210894909,144.86008207373146,166.0925324491284
6,2,146.34444942390033,166.59624091863094,136.00155541976443
6,3,149.65711634689697,131.822764905175,162.5788404268273
6,4,149.02524254077667,174.62974236294485,133.7551513724399
6,5,151.06251692865283,119.94829472203425,165.86618083141047
6,6,152.0828236668508,178.35964640017536,132.79859527297077
6,7,149.45065523845497,118.14547474781405,166.277926874527
6,8,152.66661690683827,172.51806940267804,132.18255514357364
6,9,151.53656276925398,120.20102337368868,166.83868638054537
6,10,149.93534058855695,183.29893567513665,133.63087186384215
6,11,150.93628819977917,111.38503217979965,166.6439565231165
6,12,151.97436838370467,186.34641030243898,131.69733531689457
6,13,152.51581667072475,101.38470455746717,169.7610237272433
6,14,149.95112925666643,204.83922733598337,127.13132121843516
6,15,149.49124305452258,89.33944279245154,172.84321418988287
6,16,149.4677382026917,220.43865354486343,122.59393316773804
6,17,148.6169843749867,73.11029439141853,179.61684366286104
6,18,148.38673778867874,240.40852701750782,115.67191501149875
6,19,149.947987150097,46.11020402282327,189.0313660918735
6,20,147.85377926224314,273.650044190618,101.6546418062544
6,21,149.16135263741677,13.712625934986022,203.52113884197706
6,22,149.76517309033892,303.1635807670678,88.27424110861935
6,23,149.43825599775263,22.72214224030631,217.01787613018396
6,24,149.59877312776433,346.32987879515935,73.3479370116559
6,25,150.34723776820883,74.14828076213342,236.09228457135964
6,26,148.8984964179239,405.97222236819573,51.70546644341459
6,27,149.71848829930485,140.08354325638982,260.20188229204507
6,28,150.10197355458678,477.2545190691596,24.211063414075483
6,29,151.32540541315123,224.66116773439842,293.05141195867793
6,30,149.9748342950051,571.7768021387938,14.276394548960155
6,31,150.55996886507,330.38365502384033,335.3909716948108
6,32,150.7969495615173,689.7381608554234,63.723088108451805
6,33,150.92782434256054,463.2557608458749,389.9120680784799
6,34,148.55945237174927,852.4430037860641,122.93208721748948
6,35,150.53057129269826,649.2182604404645,460.73051080676817
6,36,149.42639420850233,1052.471190863624,202.5745271295159
6,37,150.72746490734107,875.3397610841814,549.9168954866507
6,38,152.2335883854091,1303.7286309168408,305.465060365751
6,39,150.05437054812367,1154.42966242158,663.7797968944553
6,40,150.3996286353723,1624.0565806939821,431.26202260286755
6,41,152.26677538410493,1522.721697241623,807.5622649481431
6,42,149.58249384490188,2042.4197014276724,596.6524935829447
6,43,151.24144632826983,1992.0304363387659,992.4556407031552
6,44,150.84642621566616,2573.4796799735377,806.3183379275081
6,45,150.71983086300662,2593.656072276032,1230.2172532822403
6,46,150.37714554523524,3250.341856855742,1074.2067795430273
6,47,149.7021080076587,3356.6995128748194,1532.6944746592737
6,48,149.99948873445334,4115.019690539479,1416.3994888500447
6,49,150.4321073800502,4335.3481008337585,1921.0495333559816
7,0,141.90122514960123,171.01121780617882,128.12925538198195
7,1,147.1609324769552,135.28661290411648,166.38572527003018
7,2,149.56420553766893,168.60198990220036,134.12057568511997
7,3,149.00690663535605,130.86785851859588,161.35869257798208
7,4,149.8855816162871,171.7863940515326,136.63872064000802
7,5,151.9704903529752,118.15138490610316,164.41757430539852
7,6,151.32359399748026,182.55913085832628,133.56420424614396
7,7,151.70469473530216,108.08253912448609,167.09430719411577
7,8,149.6577821084693,198.02343053689083,130.0593857656298
7,9,152.0245563861421,89.72962727337094,172.93111063417288
7,10,151.24513545959167,216.6224322476825,121.63294671469217
7,11,150.77722464906,73.011425891882,180.26787704094542
7,12,151.91565027959717,233.84719481801213,114.59617610253643
7,13,151.00965114247117,52.7577777085059,189.9566713090838
7,14,150.53924457908525,257.8690989483973,101.864246034588
7,15,150.00185188944928,25.574214190692942,200.83295182651145
7,16,149.36279104027662,292.94725003070243,92.01106593904426
7,17,148.23756167178075,6.01664518971819,214.56979066324374
7,18,150.9806952737756,324.48887869055994,77.45199936340623
7,19,153.17768009062604,58.747996843361705,232.42649128926698
7,20,150.76939617530408,382.04968538529084,57.497484587942154
7,21,149.5896593878467,112.55219836202224,252.67331316206003
7,22,149.90860860973646,448.72422794338604,33.73135236571916
7,23,150.21857428943915,187.76549242006035,282.5237018952537
7,24,149.6258495391964,533.3487705446098,2.9100692172666243
