7,25,1.0,151.90338609214902,95.67161561306101,98.80733480638153
7,26,0.0,146.39570944581507,103.26775299557278,99.5006746389786
7,27,1.0,147.67107406126064,101.08012816340116,101.62041542740785
7,28,1.0,150.5480059996837,99.90576379600921,97.87005350808593
7,29,0.0,148.4051188093433,99.73631055442617,102.34099968461658
7,30,0.0,151.27941955606846,99.68749182020628,97.08160662131156
7,31,1.0,150.92778440221053,99.45498133937808,101.00097227671789
7,32,0.0,147.08900501892393,100.3712925718271,97.04620314014511
7,33,0.0,152.356172524967,101.27619293384537,102.09029982614395
7,34,0.0,145.84986255197268,96.36297456763573,96.75322076973958
7,35,0.0,152.52168576257725,101.12116913048493,100.0115266634615
7,36,1.0,150.9289111736776,100.14715295985384,97.80514871593793
7,37,1.0,150.08410420372886,98.89960962805435,97.56572270489988
7,38,0.0,147.43274836852945,99.92919798244496,99.47673943598672
7,39,0.0,151.04796779089097,99.45446619925954,97.31837907619905
7,40,1.0,150.26395572695125,97.80912493692844,100.17654739817385
7,41,1.0,150.85453119657248,97.37368713668171,95.54839584496625
7,42,0.0,147.83389572694026,99.46579184189693,101.18792539144047
7,43,1.0,148.40463020291222,98.31356555522522,97.7064569600395
7,44,1.0,148.89812415951644,96.22999354409464,99.19694662544195
7,45,0.0,150.52218539562114,103.9015952371122,99.98940703434974
7,46,1.0,151.01879819203387,102.1727933240402,100.16360796804321
7,47,0.0,148.4374069646842,97.03612953538031,98.26829321164205
7,48,1.0,149.21855501689447,94.21656461789897,99.7483530654425
7,49,0.0,151.366169052764,104.10529458232052,98.74277115096889
8,0,1.0,141.66429351895863,107.92012845713182,109.7766157611791
8,1,1.0,145.71826666935232,105.90112111585098,96.68582389158847
8,2,0.0,154.81621046407997,96.02809183433979,101.96061655634936
8,3,0.0,142.94675449668097,100.26399042495964,97.16465527217957
8,4,1.0,146.1345293942015,98.66151658856326,100.53424046893639
8,5,0.0,153.19652813005945,100.56709173287204,95.47552079282005
8,6,1.0,152.1836895766558,100.280257525189,97.67073652027086
8,7,0.0,145.40653891017212,99.84706907752401,101.30518455802776
8,8,0.0,153.77522060076703,100.86361903417402,96.59494262359226
8,9,1.0,153.94905054457013,98.43689352306632,97.48399987417966
8,10,0.0,145.3284793552132,99.91589250043967,102.1715567255541
8,11,1.0,149.36131014393348,96.12929940615827,98.05085484195848
8,12,1.0,149.57952721636556,97.15657767939955,99.84383069347949
8,13,1.0,150.89010301533636,96.86593950589858,98.03907213944892
8,14,0.0,149.8111102436089,101.96508601004511,98.75830774513285
8,15,1.0,151.30696627794504,100.92945521827984,100.23238160130623
8,16,0.0,147.86986332560318,98.83447584057863,98.65188782064668
8,17,1.0,150.30286302541174,96.83082251099435,96.71510938551661
8,18,0.0,150.23579184072,100.40627218189971,100.17207848816606
8,19,0.0,149.20878321408532,99.33867840634086,96.39713116957493
8,20,1.0,149.48777672791866,98.90813410501755,100.30560944133863
8,21,0.0,149.36228943010204,103.06430044479781,98.09768362453032
8,22,1.0,150.32474173972412,101.17847415260522,98.54198201659598
8,23,0.0,148.03949613436373,97.65239665166709,99.88933421621226
8,24,0.0,151.69559598388918,99.45625778172608,99.27688494329051
8,25,0.0,147.89193596094452,98.97923324573425,95.02531024784646
8,26,0.0,151.02530114903476,101.62123613422001,101.3324353578308
8,27,0.0,149.37357389272978,99.24542397161787,94.54445999357897
8,28,0.0,150.57831106065225,99.46721188298594,102.03264563214898
8,29,0.0,150.0760929180652,101.31114904152497,95.78105586514712
8,30,0.0,150.29870425861583,96.58767879434083,98.54423767375636
8,31,0.0,150.31951527456292,101.4989268428497,98.12904971314181
8,32,0.0,149.4763514436966,97.95147001329283,101.81681340831359
8,33,1.0,149.29819773068132,96.85368645689415,99.36725795385917
8,34,0.0,150.34113157325768,100.65097007956096,99.12585673333288
8,35,0.0,148.22747491218996,96.76291973274026,100.29690249449372
8,36,1.0,149.12462576273322,95.76401313823224,97.72170716164322
8,37,1.0,150.05415385752215,95.76330535567612,97.44393247383458
8,38,1.0,149.8264329382223,93.75908365297403,99.77147053867567
8,39,1.0,150.2765537434685,95.51609382629118,98.72311699205072
8,40,0.0,148.62751361233475,103.5891439343047,97.92337373730953
8,41,1.0,149.77934930042775,100.87224338191292,98.08179380534483
8,42,1.0,150.02689240032987,97.58826278922292,97.61818311722725
8,43,1.0,149.9744620639368,95.94439113085433,98.28376342170614
8,44,1.0,150.886674826756,95.71017007427153,99.28348929061588
8,45,1.0,150.85538361352172,95.5906222976964,97.96188666587827
8,46,0.0,148.96309358727623,102.58252946431907,101.1642532167806
8,47,1.0,147.628804063304,103.05991790559779,99.24487647307828
8,48,0.0,152.31987923243992,97.68139440161491,98.44003768821246
8,49,1.0,152.57539964868695,95.48382391131317,99.60022748638768
9,0,0.0,163.43597507660812,121.56310086251631,92.70627555489025
9,1,0.0,133.81629691902057,84.34289203824564,105.53197647521402
9,2,1.0,140.28491200396456,86.85896460650257,94.94499037525063
9,3,0.0,161.49730628370563,108.69907489584945,101.02963966528677
9,4,1.0,155.95780686598025,105.14507153171145,98.81693437097957
9,5,0.0,141.98633851516612,94.0850995915973,96.56620400145887
9,6,1.0,146.23888474588622,93.55806124847031,101.22438164881198
9,7,0.0,153.11741323926637,105.18352379114248,97.93826387566929
9,8,1.0,150.6789025619441,104.21472776668563,98.3732888288008
9,9,1.0,151.14590921112452,101.96762015543064,98.12274214143108
9,10,0.0,146.54099544951626,98.15054756996865,102.14323232852253
9,11,1.0,148.23831376021707,97.03364405503044,98.68814808682185
9,12,0.0,149.35309314171707,102.2036826338232,98.61846017904159
9,13,0.0,149.9656820776001,97.32915583810372,100.5858579145838
9,14,0.0,151.6417518891046,99.92524696151023,99.4467130292036
9,15,1.0,150.07147160063295,98.5652370782818,99.0278977136428
9,16,0.0,149.80866862029706,101.38831994977461,100.42660429268909
9,17,1.0,149.4725776282264,98.64222861341177,98.9837342025722
9,18,0.0,149.9388141332418,102.8829321593283,97.40981933316942
9,19,1.0,150.8781553522932,101.61848135582962,99.34241586020951
9,20,0.0,148.8528314101101,97.52183534545456,96.1860489593305
9,21,1.0,149.14538509599586,97.77575124681533,99.77063723282185
9,22,1.0,150.18342029560606,98.25021761459783,99.43914924077794
9,23,0.0,150.23183659944263,100.59922449400662,95.81473101443828
9,24,0.0,148.52973841020628,97.86888055559338,102.07534017561976
9,25,1.0,149.6127842575107,97.76680377669624,96.54866181378159
9,26,0.0,148.50505762211495,101.25829891836493,99.84557929900441
9,27,0.0,148.917075646689,99.12455044790319,99.04086270438751
9,28,1.0,149.8795595713092,97.17374176369857,97.94007098225663
9,29,0.0,148.9808875260072,103.01921551252357,100.21157798414525
9,30,1.0,149.33396526439893,99.31129225792695,96.22471023390875
9,31,0.0,148.69445414564277,100.08713115325037,101.10485569227858
9,32,0.0,150.28090565820935,99.5864650100153,94.69159290724279
9,33,1.0,150.08994944494077,98.51877024207187,100.2287973486705
9,34,0.0,148.28869874865177,99.2203108168401,94.8695753013092
9,35,0.0,150.99789831228037,99.89075418280176,103.86182923340172
9,36,0.0,147.90189894974395,100.17579963736033,93.5241719680715
9,37,1.0,149.57212906978395,95.94584962750487,100.04187992828395
9,38,1.0,149.0526814889825,96.05965380574771,96.62324992895365
9,39,0.0,150.7604142343826,100.623309830664,100.02315157103233
9,40,1.0,149.7391248670765,99.11712748981762,98.4682516912708
9,41,1.0,149.51207389293012,96.66889177764384,99.35196682818496
9,42,1.0,150.16913964413519,95.04368255228174,99.52589055511504
9,43,1.0,149.3272141566203,94.86925243582172,98.31371810294995
9,44,0.0,150.58123054214298,104.55608273326087,98.02740611187798
9,45,1.0,151.865588228058,104.99791167589068,99.63591578158606
9,46,0.0,148.49070743362242,94.30948910307998,97.40407938230948
9,47,1.0,149.381205938808,96.03306261439161,98.22731195501117
9,48,1.0,148.95773466723716,94.78976104270276,100.25477080702132
9,49,0.0,150.69774976113277,103.43075197159592,97.54653925426169
