2,24,148.48696623547468,466.11390877453425,41.9155247591309
2,25,149.36577619332502,310.9893045178989,261.59838497493274
2,26,148.34750789132633,569.882147639458,88.46701926317041
2,27,149.78158683742038,433.4626254884929,311.7555135466019
2,28,150.0422585560869,702.4488425800847,138.13937884376986
2,29,152.19111539784902,588.4195661485855,370.69772785722705
2,30,149.5749760454388,878.4997428003935,207.710224996384
2,31,147.8267205973703,773.8543890770337,445.6304633632054
2,32,149.77559909670396,1089.087385806913,291.2086919309679
2,33,150.95093569774815,1023.2366243658857,541.5532634042079
2,34,151.3375092340034,1364.4923489738826,400.57628260437514
2,35,150.53379616561548,1332.9225667196442,664.951821793312
2,36,149.90006172115565,1718.7985708712686,539.9253423658522
2,37,150.30566650969632,1732.1077816253219,823.117778765079
2,38,149.88401800258308,2172.8112908742537,717.8608625412871
2,39,149.3779244865429,2243.7315369418598,1026.5567968837981
2,40,149.42440597170295,2753.8926857826054,948.3245453615132
2,41,149.14434239802128,2897.942951328171,1284.6718195300534
2,42,146.23130756236142,3501.09133897845,1241.542765266808
2,43,149.65972743262333,3746.5525466075587,1616.6312376046212
2,44,151.45451303690805,4448.931646064793,1616.7368058423174
2,45,151.28890395202131,4825.501058816018,2043.0143584975776
2,46,150.5692942270549,5670.481173140205,2099.3616233294615
2,47,148.85208521106745,6200.740421798988,2587.7611099204746
2,48,147.72516099110442,7233.283728862687,2714.350616548677
2,49,148.1643457908271,7962.784300402504,3282.6263234681264
3,0,141.16978381934055,120.3729529500939,77.75839611948584
3,1,147.1525513438564,83.96899946736184,115.21277737411583
3,2,149.23744709202595,118.25846986321041,85.79489931872254
3,3,149.13961724670315,82.849065443591,109.69311887932841
3,4,149.87317541436875,118.02059464514022,89.34004999430977
3,5,150.2744348575834,75.70583408202025,110.63856113333057
3,6,150.0116603296983,125.1879711630738,88.42118543184516
3,7,149.95273031644479,69.08974606758945,111.59735817494374
3,8,150.26117722578147,134.9846893170444,86.31572176748762
3,9,151.6203213837827,52.023557227239905,115.05763719748253
3,10,150.41522429244205,154.4404284548982,80.37786177083312
3,11,151.34248545163874,33.949681340990395,123.13392930282158
3,12,149.33726920769402,175.72821705775522,71.4665037587358
3,13,151.45532476499307,9.186805436046242,130.6987249910706
3,14,149.09691654390414,207.8102501022782,61.14480135993733
3,15,149.73095493865435,22.31965658267407,144.99119410635797
3,16,150.2493712386598,232.9888483140382,47.44755592233582
3,17,149.0841285968119,51.67543358215258,158.90641663823695
3,18,150.78211714349337,266.8552093329639,32.81257529658407
3,19,148.89543788324144,88.20418611710261,173.37025498470032
3,20,148.84156029902158,316.701954571371,15.103166335758203
3,21,150.81102945115748,147.57671609680878,196.11468326911282
3,22,148.13708483284032,383.9640779775774,9.351641162317378
3,23,149.40451322645416,221.30220805825218,225.45739335321576
3,24,149.16755285770398,463.2901273522187,41.23792384607583
3,25,149.40176228567407,312.41705342227715,260.83098514469646
3,26,151.98470332385102,559.4661318575568,81.26529600521849
3,27,150.01137529427345,421.15997535502754,303.5845429174102
3,28,151.76234401230175,680.4853232423407,129.44455508347238
3,29,150.01588376214752,557.0758428886866,358.1847624935448
3,30,149.45253753351858,844.7755711092374,192.6788954037815
3,31,150.3123742175221,745.60372159145,430.20976860481977
3,32,148.82263607897227,1061.725657720769,275.80884441930016
3,33,147.2384060182735,979.3174669975169,522.28726829688
3,34,149.38935562060885,1321.670130761237,380.2045068077473
3,35,149.73165925343142,1284.3972955430074,644.1707555870513
3,36,151.9516798068098,1660.3368484192958,517.1363446460307
3,37,148.67658217555737,1659.2818275785962,796.3738595135368
3,38,150.58883680210474,2090.2655043311024,685.9781496294572
3,39,151.13421523491112,2154.2845799469665,987.5858436649476
3,40,151.32049403669507,2644.2181280198383,904.5582773920935
3,41,150.95835538282142,2781.0209143163715,1234.1983046879795
3,42,150.11242678364775,3356.62925710482,1184.4488532194998
3,43,149.19828093571053,3580.9045165716752,1550.932271027505
3,44,150.18117143488917,4262.359513730298,1542.6114856305055
3,45,150.1052498241848,4606.440364130751,1959.1395902429936
3,46,149.66609373527055,5425.173848399188,2001.927932625652
3,47,150.85639104721074,5926.696002032522,2475.666131311526
3,48,151.12820103742246,6914.0930525835865,2588.9003732480032
3,49,149.86893835376492,7607.925870245313,3140.518750983046
4,0,139.7403985266998,123.05820060852798,76.29703763286437
4,1,145.31786083163132,90.53705752421006,116.18500417444046
4,2,148.05659920070508,113.23083752404453,87.15529130045363
4,3,149.39553132246277,85.40304138365907,112.43104905144699
4,4,151.41665396875152,108.67231992885513,87.86935271468545
4,5,149.5160202918042,93.92826031533177,109.29651582238813
4,6,150.33699595755692,107.75513317895549,92.06679965703975
4,7,150.0766128013309,88.74185563004876,105.84448644860333
4,8,150.06542791655676,113.53866649847777,93.80460215400987
4,9,150.07328835084195,82.80466413728334,105.1253406667288
4,10,149.3193225085435,120.91245490119555,91.16424302478391
4,11,149.90628887990533,76.91058937540497,109.34633562336428
4,12,150.19654991766367,123.84377393744688,89.09863626355033
4,13,149.4342815027365,75.89937365744211,111.09801897512715
4,14,148.1058763352177,132.42217995110514,87.30751831688089
4,15,148.32705296844435,66.89891600149014,114.3459607108477
4,16,151.37141930018896,134.02627788966987,83.43192031711772
4,17,149.64496448360018,61.548123686896695,118.36991483757531
4,18,150.30066325658933,141.16454280303216,82.12415337515975
4,19,149.67299321919114,53.891852789424476,118.47516182172075
4,20,149.692765988299,151.3774116067935,77.23144092776633
4,21,148.18672293940944,46.304092219508505,124.09259301915921
4,22,148.92820533914428,164.35025008571745,72.72920508014084
4,23,150.767246421693,23.06281607732801,128.3722213720771
4,24,149.05121751662082,189.6153886075819,64.67011717551986
4,25,148.76898877286234,2.471571673505835,138.65690965376302
4,26,148.80649441648032,219.27604537555828,54.20010927922408
4,27,150.77491791403298,36.46820146022861,150.03315865630208
4,28,150.25814167945063,254.7677779194919,41.29301638108852
4,29,150.9231374027288,76.76416033778565,167.3955470572538
4,30,150.96990752600706,296.20739252344083,23.47246755937077
4,31,150.3266852449835,123.42170934067147,185.9230502495961
4,32,150.67759792660675,351.2776737287226,0.050118309745883494
4,33,150.82589449686236,185.3281659420228,213.12463413569483
4,34,148.8577065005676,425.5537361351642,30.2037610201088
4,35,149.37949173587978,265.63688568168936,246.3121666336809
4,36,150.1284849354065,512.9200885567259,64.19406722688564
4,37,150.81333947782255,374.3153064844179,284.1156066998726
4,38,152.14499612524315,629.0928544366368,107.6112508293406
4,39,150.55691748737,500.67748424045726,334.0191607919823
4,40,151.82080332659265,773.2266805717436,165.3926140999326
4,41,149.73394138679404,662.1528969263977,400.1142751584962
4,42,153.26911833394237,954.1980766856361,239.8371823623524
4,43,150.73764204429816,869.6806650654812,484.2291625324579
4,44,149.77442143118392,1197.6876300623812,335.85381751294375
4,45,149.07087469410718,1139.3154186928869,589.369907103545
4,46,149.84044084780763,1502.2948686343825,453.6658852135686
4,47,147.93578691846815,1481.6099752772693,724.4883661319952
4,48,148.95383715279527,1893.2560586161078,606.4249563560791
