2,24,148.48696623547468,446.11390877453425,61.9155247591309
2,25,149.36577619332502,330.9893045178989,241.5983849749327
2,26,148.34750789132633,549.882147639458,108.46701926317041
2,27,149.78158683742038,453.4626254884929,291.7555135466019
2,28,150.0422585560869,682.4488425800847,158.13937884376986
2,29,152.19111539784902,608.4195661485855,350.69772785722705
2,30,149.5749760454388,858.4997428003935,227.710224996384
2,31,147.8267205973703,793.8543890770337,425.6304633632054
2,32,149.77559909670396,1069.087385806913,311.2086919309679
2,33,150.95093569774815,1043.2366243658857,521.5532634042079
2,34,151.3375092340034,1344.4923489738826,420.57628260437514
2,35,150.53379616561548,1352.9225667196442,644.951821793312
2,36,149.90006172115565,1698.7985708712686,559.9253423658522
2,37,150.30566650969632,1752.1077816253219,803.117778765079
2,38,149.88401800258308,2152.8112908742537,737.8608625412871
2,39,149.3779244865429,2263.7315369418598,1006.5567968837981
2,40,149.42440597170295,2733.8926857826054,968.3245453615132
2,41,149.14434239802128,2917.942951328171,1264.6718195300534
2,42,146.23130756236142,3481.09133897845,1261.542765266808
2,43,149.65972743262333,3766.5525466075587,1596.6312376046212
2,44,151.45451303690805,4428.931646064793,1636.7368058423174
2,45,151.28890395202131,4845.501058816018,2023.0143584975776
2,46,150.5692942270549,5650.481173140205,2119.3616233294615
2,47,148.85208521106745,6220.740421798988,2567.7611099204746
2,48,147.72516099110442,7213.283728862687,2734.350616548677
2,49,148.1643457908271,7982.784300402504,3262.6263234681264
3,0,141.16978381934055,100.3729529500939,57.75839611948584
3,1,147.1525513438564,63.96899946736184,95.21277737411583
3,2,149.23744709202595,98.25846986321041,65.79489931872254
3,3,149.13961724670315,62.849065443591,89.69311887932841
3,4,149.87317541436875,98.02059464514022,69.34004999430977
3,5,150.2744348575834,55.705834082020246,90.63856113333057
3,6,150.0116603296983,105.1879711630738,68.42118543184516
3,7,149.95273031644479,49.089746067589445,91.59735817494374
3,8,150.26117722578147,114.98468931704441,66.31572176748762
3,9,151.6203213837827,32.023557227239905,95.05763719748253
3,10,150.41522429244205,134.4404284548982,60.37786177083312
3,11,151.34248545163874,13.949681340990395,103.13392930282158
3,12,149.33726920769402,155.72821705775522,51.46650375873579
3,13,151.45532476499307,10.813194563953758,110.6987249910706
3,14,149.09691654390414,187.8102501022782,41.14480135993733
3,15,149.73095493865435,42.31965658267407,124.99119410635797
3,16,150.2493712386598,212.9888483140382,27.447555922335823
3,17,149.0841285968119,71.67543358215258,138.90641663823695
3,18,150.78211714349337,246.8552093329639,12.812575296584072
3,19,148.89543788324144,108.20418611710261,153.37025498470032
3,20,148.84156029902158,296.701954571371,4.896833664241797
3,21,150.81102945115748,167.57671609680878,176.11468326911282
3,22,148.13708483284032,363.9640779775774,29.351641162317378
3,23,149.40451322645416,241.30220805825218,205.45739335321576
3,24,149.16755285770398,443.2901273522187,61.23792384607583
3,25,149.40176228567407,332.41705342227715,240.83098514469646
3,26,151.98470332385102,539.4661318575568,101.26529600521849
3,27,150.01137529427345,441.15997535502754,283.5845429174102
3,28,151.76234401230175,660.4853232423407,149.44455508347238
3,29,150.01588376214752,577.0758428886866,338.1847624935448
3,30,149.45253753351858,824.7755711092374,212.6788954037815
3,31,150.3123742175221,765.60372159145,410.20976860481977
3,32,148.82263607897227,1041.725657720769,295.80884441930016
3,33,147.2384060182735,999.3174669975169,502.28726829688003
3,34,149.38935562060885,1301.670130761237,400.2045068077473
3,35,149.73165925343142,1304.3972955430074,624.1707555870513
3,36,151.9516798068098,1640.3368484192958,537.1363446460307
3,37,148.67658217555737,1679.2818275785962,776.3738595135368
3,38,150.58883680210474,2070.2655043311024,705.9781496294572
3,39,151.13421523491112,2174.2845799469665,967.5858436649476
3,40,151.32049403669507,2624.2181280198383,924.5582773920935
3,41,150.95835538282142,2801.0209143163715,1214.1983046879795
3,42,150.11242678364775,3336.62925710482,1204.4488532194998
3,43,149.19828093571053,3600.9045165716752,1530.932271027505
3,44,150.18117143488917,4242.359513730298,1562.6114856305055
3,45,150.1052498241848,4626.440364130751,1939.1395902429936
3,46,149.66609373527055,5405.173848399188,2021.927932625652
3,47,150.85639104721074,5946.696002032522,2455.666131311526
3,48,151.12820103742246,6894.0930525835865,2608.9003732480032
3,49,149.86893835376492,7627.925870245313,3120.518750983046
4,0,139.7403985266998,103.05820060852798,56.29703763286437
4,1,145.31786083163132,70.53705752421006,96.18500417444046
4,2,148.05659920070508,93.23083752404453,67.15529130045363
4,3,149.39553132246277,65.40304138365907,92.43104905144699
4,4,151.41665396875152,88.67231992885513,67.86935271468545
4,5,149.5160202918042,73.92826031533177,89.29651582238813
4,6,150.33699595755692,87.75513317895549,72.06679965703975
4,7,150.0766128013309,68.74185563004876,85.84448644860333
4,8,150.06542791655676,93.53866649847777,73.80460215400987
4,9,150.07328835084195,62.80466413728334,85.1253406667288
4,10,149.3193225085435,100.91245490119555,71.16424302478391
4,11,149.90628887990533,56.91058937540497,89.34633562336428
4,12,150.19654991766367,103.84377393744688,69.09863626355033
4,13,149.4342815027365,55.89937365744211,91.09801897512715
4,14,148.1058763352177,112.42217995110512,67.30751831688089
4,15,148.32705296844435,46.898916001490136,94.3459607108477
4,16,151.37141930018896,114.02627788966987,63.43192031711772
4,17,149.64496448360018,41.548123686896695,98.36991483757531
4,18,150.30066325658933,121.16454280303216,62.12415337515975
4,19,149.67299321919114,33.891852789424476,98.47516182172075
4,20,149.692765988299,131.3774116067935,57.23144092776633
4,21,148.18672293940944,26.304092219508505,104.09259301915921
4,22,148.92820533914428,144.35025008571745,52.72920508014084
4,23,150.767246421693,3.0628160773280086,108.37222137207708
4,24,149.05121751662082,169.6153886075819,44.67011717551987
4,25,148.76898877286234,22.471571673505835,118.65690965376302
4,26,148.80649441648032,199.27604537555828,34.20010927922408
4,27,150.77491791403298,56.46820146022861,130.03315865630208
4,28,150.25814167945063,234.7677779194919,21.29301638108852
4,29,150.9231374027288,96.76416033778565,147.3955470572538
4,30,150.96990752600706,276.20739252344083,3.47246755937077
4,31,150.3266852449835,143.42170934067147,165.9230502495961
4,32,150.67759792660675,331.2776737287226,19.949881690254117
4,33,150.82589449686236,205.3281659420228,193.12463413569483
4,34,148.8577065005676,405.5537361351642,50.2037610201088
4,35,149.37949173587978,285.63688568168936,226.3121666336809
4,36,150.1284849354065,492.9200885567259,84.19406722688564
4,37,150.81333947782255,394.3153064844179,264.1156066998726
4,38,152.14499612524315,609.0928544366368,127.6112508293406
4,39,150.55691748737,520.6774842404573,314.0191607919823
4,40,151.82080332659265,753.2266805717436,185.3926140999326
4,41,149.73394138679404,682.1528969263977,380.1142751584962
4,42,153.26911833394237,934.1980766856361,259.8371823623524
4,43,150.73764204429816,889.6806650654812,464.2291625324579
4,44,149.77442143118392,1177.6876300623812,355.85381751294375
4,45,149.07087469410718,1159.3154186928869,569.369907103545
4,46,149.84044084780763,1482.2948686343825,473.6658852135686
4,47,147.93578691846815,1501.6099752772693,704.4883661319952
4,48,148.95383715279527,1873.2560586161078,626.4249563560791
4,49,151.55224411091692,1953.311063842297,880.5305869122956
