5,0,143.5152744255206,96.38514014105539,62.37068537781404
5,1,147.22351072734165,67.44135172613807,93.10196713618001
5,2,148.92272716177305,96.20942593086399,69.02326825864246
5,3,150.8348377100241,58.685234065730015,90.75576234939493
5,4,151.26805877449522,99.99181435228468,68.55987945311973
5,5,149.98148044552116,57.354534945293416,90.6708949865561
5,6,149.3298148813994,108.23490024411832,68.48654203639232
5,7,147.27575611354104,57.6701378022414,89.7700111939363
5,8,150.04475092903354,104.61972584347217,69.0199356613328
5,9,148.21452546433582,56.81790709343885,91.4852629958516
5,10,147.91918940494776,111.96404775884298,65.20004872314004
5,11,149.6806806134745,40.890295261431326,95.75940663079575
5,12,151.33745195055616,120.80615281830717,62.68512175082047
5,13,150.14131214093848,32.639790422538894,97.72793039378395
5,14,148.06604553351016,138.3867531198161,59.256377154773695
5,15,149.5562078442604,15.208753969306969,102.92288891958538
5,16,149.6425960209178,152.84918887966606,51.71363881624869
5,17,150.3338085887885,2.30308674757093,111.6507617455978
5,18,151.22226463421072,169.1391915882133,44.831397958137586
5,19,149.62504354972432,19.283495949254714,118.97738089897733
5,20,150.15799269600032,189.98151009649257,35.67772303010158
5,21,150.10656057357994,44.1304701137428,127.47076234504154
5,22,151.7100670350657,213.33199861526356,25.246454681137422
5,23,151.8171815852309,79.90069054227928,141.62609940846056
5,24,150.98658442624063,255.76960218788423,10.446106865765671
5,25,149.99690422319458,120.91644702030342,157.85279160549723
5,26,150.93444058247783,304.7452173326021,8.959016223802792
5,27,151.21718304436902,177.7220878682137,180.88196726641746
5,28,150.34753219364805,367.26703107543693,35.13975064783628
5,29,149.4199552386099,243.50070293296983,209.89574129624305
5,30,151.19473084283996,441.25179192453015,65.83335816952683
5,31,150.53641299437345,332.42356841426385,243.15037636904623
5,32,149.80559177531143,546.1648466650246,104.97179060014679
5,33,150.31990594406548,450.0050488816355,286.19812276926007
5,34,149.54536897205767,679.7287860404484,156.21253342058748
5,35,150.17794798437347,600.4228673946834,345.3241376980467
5,36,150.23505569288295,850.593083994126,225.18704942536283
5,37,150.74004870876286,792.9639031614545,424.90372046635935
5,38,149.5864518447945,1067.035214940972,312.03112334269395
5,39,149.4015655244036,1036.3663004603632,521.3169705114542
5,40,149.70623620048332,1342.1069364211432,418.96222180790943
5,41,149.97397782160587,1347.1524131948267,643.317690623874
5,42,150.46591001993838,1692.0584982650407,556.9646108504323
5,43,151.2477105879248,1747.878122497485,798.7369563116841
5,44,150.55261625218336,2143.5159754081396,734.0773675614919
5,45,149.9242082977485,2255.9140174491813,1000.720498382138
5,46,151.01147169343915,2716.3474531851643,961.4484425160672
5,47,150.42465982663404,2904.64856909961,1259.6051563018777
5,48,150.35914090325272,3454.6461944893163,1254.5560400212078
5,49,149.37889788531174,3738.6658655091114,1587.283022055867
6,0,140.48900358681763,103.03370022296706,55.70794960308272
6,1,143.38470210894909,74.86008207373146,96.09253244912841
6,2,146.34444942390033,96.59624091863094,66.00155541976441
6,3,149.65711634689697,61.82276490517502,92.57884042682728
6,4,149.02524254077667,104.62974236294484,63.75515137243991
6,5,151.06251692865283,49.94829472203425,95.86618083141047
6,6,152.0828236668508,108.35964640017536,62.79859527297076
6,7,149.45065523845497,48.14547474781405,96.27792687452698
6,8,152.66661690683827,102.51806940267804,62.182555143573644
6,9,151.53656276925398,50.201023373688685,96.83868638054538
6,10,149.93534058855695,113.29893567513663,63.630871863842145
6,11,150.93628819977917,41.385032179799644,96.64395652311647
6,12,151.97436838370467,116.34641030243897,61.69733531689455
6,13,152.51581667072475,31.384704557467174,99.7610237272433
6,14,149.95112925666643,134.83922733598337,57.13132121843516
6,15,149.49124305452258,19.33944279245153,102.84321418988287
6,16,149.4677382026917,150.43865354486343,52.593933167738044
6,17,148.6169843749867,3.1102943914185346,109.61684366286104
6,18,148.38673778867874,170.40852701750782,45.671915011498754
6,19,149.947987150097,23.889795977176732,119.03136609187351
6,20,147.85377926224314,203.650044190618,31.654641806254396
6,21,149.16135263741677,56.28737406501398,133.52113884197706
6,22,149.76517309033892,233.1635807670678,18.274241108619343
6,23,149.43825599775263,92.72214224030631,147.01787613018396
6,24,149.59877312776433,276.32987879515935,3.347937011655901
6,25,150.34723776820883,144.14828076213342,166.09228457135964
6,26,148.8984964179239,335.97222236819573,18.294533556585407
6,27,149.71848829930485,210.08354325638982,190.20188229204507
6,28,150.10197355458678,407.2545190691596,45.78893658592452
6,29,151.32540541315123,294.6611677343984,223.05141195867793
6,30,149.9748342950051,501.7768021387937,84.27639454896016
6,31,150.55996886507,400.38365502384033,265.3909716948108
6,32,150.7969495615173,619.7381608554234,133.7230881084518
6,33,150.92782434256054,533.2557608458749,319.9120680784799
6,34,148.55945237174927,782.4430037860641,192.93208721748948
6,35,150.53057129269826,719.2182604404645,390.73051080676817
6,36,149.42639420850233,982.4711908636241,272.5745271295159
6,37,150.72746490734107,945.3397610841814,479.9168954866507
6,38,152.2335883854091,1233.7286309168408,375.465060365751
6,39,150.05437054812367,1224.42966242158,593.7797968944553
6,40,150.3996286353723,1554.0565806939821,501.26202260286755
6,41,152.26677538410493,1592.721697241623,737.5622649481431
6,42,149.58249384490188,1972.4197014276724,666.6524935829447
6,43,151.24144632826983,2062.030436338766,922.4556407031552
6,44,150.84642621566616,2503.4796799735377,876.3183379275081
6,45,150.71983086300662,2663.656072276032,1160.2172532822403
6,46,150.37714554523524,3180.341856855742,1144.2067795430273
6,47,149.7021080076587,3426.6995128748194,1462.6944746592737
6,48,149.99948873445334,4045.0196905394782,1486.3994888500447
6,49,150.4321073800502,4405.3481008337585,1851.0495333559816
7,0,141.90122514960123,101.0112178061788,58.129255381981956
7,1,147.1609324769552,65.28661290411647,96.38572527003016
7,2,149.56420553766893,98.60198990220036,64.12057568511996
7,3,149.00690663535605,60.86785851859587,91.35869257798207
7,4,149.8855816162871,101.7863940515326,66.638720640008
7,5,151.9704903529752,48.15138490610316,94.41757430539852
7,6,151.32359399748026,112.55913085832628,63.564204246143944
7,7,151.70469473530216,38.0825391244861,97.09430719411577
7,8,149.6577821084693,128.02343053689083,60.0593857656298
7,9,152.0245563861421,19.729627273370937,102.93111063417288
7,10,151.24513545959167,146.6224322476825,51.632946714692174
7,11,150.77722464906,3.0114258918819985,110.26787704094542
7,12,151.91565027959717,163.84719481801213,44.59617610253643
7,13,151.00965114247117,17.2422222914941,119.9566713090838
7,14,150.53924457908525,187.8690989483973,31.864246034588007
7,15,150.00185188944928,44.42578580930706,130.83295182651145
7,16,149.36279104027662,222.94725003070243,22.011065939044258
7,17,148.23756167178075,76.01664518971819,144.56979066324374
7,18,150.9806952737756,254.48887869055994,7.45199936340623
7,19,153.17768009062604,128.7479968433617,162.42649128926698
7,20,150.76939617530408,312.04968538529084,12.502515412057846
7,21,149.5896593878467,182.55219836202224,182.67331316206003
7,22,149.90860860973646,378.72422794338604,36.26864763428084
7,23,150.21857428943915,257.76549242006035,212.52370189525368
7,24,149.6258495391964,463.34877054460975,72.91006921726662
0,0,143.92421717988663,96.30975283239708,60.03960608298398
0,1,148.12003295065702,66.34474193480595,94.3075437979809
0,2,148.25787698693304,98.8989264356197,65.63670479993654
0,3,149.01366215715746,61.778054883033995,93.84994842757267
0,4,146.18034248401645,113.47492088412248,62.52091779171395
0,5,146.05470050903693,52.236487617478346,96.42665727874154
0,6,148.571601453521,115.83301548695906,62.49324514035028
0,7,149.36425007476925,40.21223845292503,99.79625772919914
0,8,151.9158880891937,119.21971210984128,62.06798708340251
0,9,152.48153441887808,29.971717384031948,99.72432145430258
0,10,153.72002843832334,123.36710556174143,58.70532646241925
0,11,151.05646132148053,27.3543600273929,103.19469253907057
0,12,150.22415539916247,138.2744676442254,52.66587518599983
0,13,150.68471959813527,10.326825226521294,111.16371627337755
0,14,150.27389315215547,155.13365115846182,45.67296458114292
0,15,150.4359594956868,6.159090164595568,116.4391165221501
0,16,152.3931891417998,169.79890955457728,38.08188047216616
0,17,150.22772106000463,21.611337360450023,123.51813274189418
0,18,148.76523130704774,196.58421711425495,30.51751007068367
0,19,150.82957381957507,56.82034861563102,134.45729222244807
0,20,151.03532663705076,231.94721720624258,18.287421816505848
0,21,149.01886179468593,87.8482804050804,149.99312779122897
0,22,150.69668713244067,267.1585140681981,1.1214434457668006
0,23,151.8304486540254,136.15533291523832,165.18956010019772
0,24,150.87639441728226,322.4237214068445,17.359329242204268
0,25,152.0795614626672,201.8967023096751,189.91952687415937
0,26,151.77819122010402,391.18463077800516,45.235357678654324
0,27,149.85580488181014,272.4133361172848,218.53582366162792
0,28,151.142897628353,474.5377540358402,77.61420916970803
0,29,151.27766280818432,370.8988718783019,259.250727906819
0,30,152.0076117736592,581.855196986581,123.01042032313649
0,31,152.7481172663361,495.4201410736367,308.8767759984175
0,32,151.74007255759614,727.0002826131301,177.42293404300193
0,33,152.41513061377535,660.4745151631188,370.1561868348746
0,34,150.26346706294828,914.9468484766396,251.86135365261953
0,35,150.01112066311745,861.7992016206022,453.67257596805007
0,36,148.9118257232398,1148.5983857029012,343.5518178194901
0,37,149.59023113855594,1128.5916220846884,558.4750951956643
0,38,150.41685027561806,1445.3971517069094,461.45135163105385
0,39,151.4557179428447,1467.9924961447823,691.9853214417968
0,40,150.45094446064738,1827.3381738085648,612.6825034564744
0,41,150.35590001318633,1897.709190924248,861.9250439803523
0,42,147.7789904434937,2322.4073383497607,804.261304778606
0,43,147.3299318301418,2446.789634265572,1078.4309863252774
0,44,147.8647886110847,2944.8909869920335,1051.6070276727064
0,45,147.88414751918555,3154.070356288635,1357.715436019015
0,46,147.27540451574632,3744.38072237571,1366.7837367060085
0,47,149.72867000954696,4063.442219402623,1715.6291319297793
0,48,149.20530717763697,4767.743024893693,1770.7971079302988
0,49,149.30885717766347,5218.300385878197,2172.201872757815
1,0,141.97326590644457,100.40630629553371,58.46788332898032
1,1,145.33109097124634,70.67149295649267,93.85953992832434
1,2,148.71337995560404,93.05081839940334,66.74049331357959
1,3,150.30422098196175,62.461819740837846,91.25498360672076
1,4,151.0619680665736,93.9248613179773,68.4102480271361
1,5,149.04258491624324,68.73092410179274,87.18541236003702
1,6,148.74117817122303,95.27215692955944,72.78497404731102
1,7,150.21424819389145,61.32206303031431,85.69545852313088
1,8,151.09539799406727,97.22822701561503,74.09036336570209
1,9,152.09053435754498,53.52218044553747,87.12747367354132
1,10,151.079308083432,109.4643813703007,69.38604344966313
1,11,149.9241108078787,43.94004917568846,93.0121367184417
1,12,148.76062001095684,124.4996153320673,63.17422912601488
1,13,148.29216823034616,33.37586677429926,100.07942008781615
1,14,149.6288866994047,132.52909492941325,56.34428591425802
1,15,150.08337587799943,19.662930498027166,105.24986265628641
1,16,149.5462071131265,149.93766363608256,50.30986485459043
1,17,149.5718939600783,0.845001868151499,111.78606059039018
1,18,148.8523013337276,171.57500467268193,41.50502029176595
1,19,149.4225101033181,22.92632466978489,121.13028306141835
1,20,147.55546944462196,202.5904651933226,32.08755861731456
1,21,148.7795585485628,56.98853795507438,135.80550858614214
1,22,150.47475840786637,234.5444872685904,17.64411638160677
1,23,150.97531859633705,100.65052843771275,148.0166063967268
1,24,151.73715666775934,274.5170780618938,2.3093060501542197
1,25,150.22156188775963,141.16975709561927,166.35872319240633
1,26,149.93912143311812,328.6108647053897,17.990789264155524
1,27,151.0632281465435,205.6368767546902,191.70566921153582
1,28,149.51849292845242,401.0131621989213,46.07477117538069
1,29,150.59491874862908,285.86090700846734,220.67024322998438
1,30,149.98451225272635,492.7553578799045,82.85931428324
1,31,150.09529437410072,389.2190995024274,262.05927916532454
1,32,150.26251776873707,607.9442381640383,128.6297945739081
1,33,150.067871006733,515.8995357296532,314.1630321122615
1,34,150.48738284533334,750.7352345727237,187.02349490430856
1,35,148.02157984554714,673.4103005275333,379.75687695939615
1,36,150.98070176760058,928.4245097552266,258.5918541124653
1,37,150.70005759023016,879.8221015150791,459.9660355662042
1,38,151.05865436851852,1161.6491797612023,348.8340415841541
1,39,152.13812141883628,1151.4827934433033,563.6509100588428
1,40,150.30177816361092,1470.5067808397835,468.5651856325767
1,41,151.28711809236162,1497.6538586762495,699.8917284481661
1,42,153.0253768516981,1854.8670730953654,622.0275754901584
1,43,152.86069181375197,1935.623763248769,872.8130491313163
1,44,152.28847270613892,2350.0349865434478,816.4346193897438
1,45,149.62067315384274,2487.0458118764054,1093.9920087394282
1,46,150.94223295852882,2981.744897261386,1069.3154869685154
1,47,150.6397119759752,3205.1093375516284,1378.3401825903577
1,48,148.22749872591916,3800.8113010297484,1387.8611785841904
1,49,151.16011916134693,4133.1996545605325,1739.9313104491494
2,0,142.30031808238496,95.91325226498243,62.186615649800046
2,1,146.8492992743081,72.92531064859982,93.28316506553315
2,2,149.04368651212516,92.1186368498306,66.39374352399624
2,3,149.81533626129092,63.80102224375936,89.20508156777456
2,4,148.30515568643318,102.74613681218331,68.09914491136634
2,5,148.79554336244507,53.18805161972973,93.37179100723142
2,6,149.92536112959246,112.31492078086504,65.454828603328
2,7,152.0858353085857,36.27790787903125,94.80463256476115
2,8,151.09773372565996,126.51348025208937,61.56216398113652
2,9,151.18425212327264,23.04032433864957,100.71141387764877
2,10,151.21215551755787,139.36871023594307,55.951770380332675
2,11,150.74128478389412,7.8235118165819415,105.717308624889
2,12,149.88403055099087,158.95574425218155,50.73263515190621
2,13,150.44637402508488,10.635069162315489,114.0475256862272
2,14,148.00846293798205,185.78895674056736,38.26264039895941
2,15,148.27850593058895,35.21318543027881,124.79987602455267
2,16,147.7381786546236,215.23151212181963,25.88936516196675
2,17,147.98243851964253,66.06587868449452,137.60606360773954
2,18,148.6749351036088,250.01798668168234,13.195843680687076
2,19,150.1388277047585,115.12773918621241,155.57663343903928
2,20,151.2274484577453,295.12030661188095,5.856258723346201
2,21,151.34681933193326,169.54537317462842,178.13995328616852
2,22,150.17445404393155,362.49712485134796,30.7026394199832
2,23,149.46137310209022,239.26785605857003,203.97289426236802
