7,25,149.32120083386016,352.2229504220386,250.61411725012908
7,26,150.2694588147046,566.8842150815751,113.10976232519255
7,27,150.24404449167125,469.1370907160982,298.12560825533257
7,28,148.36987558160664,706.5901366664973,168.90395848079257
7,29,149.80624902813494,632.7951716189707,360.4907483827211
7,30,148.16695248708314,890.7696341150097,239.06293990325543
7,31,148.53175160014996,832.2319868739178,441.15119513250943
7,32,148.16825477607213,1117.26899889928,330.018736736983
7,33,152.457261498611,1100.44052496975,543.9906520953162
7,34,151.29828830960568,1407.8043059261345,445.7683656118136
7,35,150.4620887073356,1425.1579319823104,673.57651012184
7,36,149.84349343291373,1782.3526570011477,592.627153194356
7,37,152.16298878765366,1854.1567267729981,841.7531243561266
7,38,151.19766806816384,2264.5345668676673,782.0492067428407
7,39,152.18107909987867,2397.7261307704694,1053.983495574767
7,40,151.52706336537315,2880.269440973089,1022.252310077952
7,41,152.2490527187415,3097.1936476730198,1328.5819591326162
7,42,148.96251153422492,3678.7096106246636,1337.5686498479822
7,43,149.49804510315047,3989.7550776309513,1682.6630321091634
7,44,150.86841776700842,4678.273448036846,1735.3105535742557
7,45,151.1972587525475,5125.910199625718,2131.393239451959
7,46,150.48103181512053,5966.326059456176,2242.5864268144833
7,47,149.82155170995426,6580.502236665079,2707.0186872198537
7,48,149.67830271034873,7613.688846396115,2893.523258446977
7,49,148.65718618963655,8440.04449275703,3443.4832437124855
8,0,142.26917245275607,96.6716537358115,61.76187708611087
8,1,147.36198170358168,68.9307885875997,95.20885219730675
8,2,149.75159946625726,95.04716052556078,66.04768967527767
8,3,151.18944848115106,60.62764191398289,93.20046197944883
8,4,150.43197573811332,99.1952830833483,64.73481725263672
8,5,151.08510675495913,55.243641590852754,93.92613195581542
8,6,150.46730272414442,104.11993275430342,66.97055904845962
8,7,151.56494540899183,48.969121477436005,92.72892014418885
8,8,149.22167328573272,112.97459057144323,65.52416155438286
8,9,151.04704447964926,41.12465108076308,95.09822031797016
8,10,153.06706776525755,112.30534158305926,62.804763548752256
8,11,149.08215349752075,43.42419220112478,98.59833226816988
8,12,148.59613288666196,124.98360020530605,59.563754690073665
8,13,150.96029423578227,22.267102114872998,102.4657341624591
8,14,151.52349138907616,139.59874926940375,55.581509320728905
8,15,151.18585145683866,8.248458307746944,107.03968352202223
8,16,150.91197911564944,156.89161912211387,47.84975548621626
8,17,151.207398786973,10.827277313501895,115.59142431283148
8,18,150.78959541202468,174.47994079164152,40.64835170205283
8,19,151.4541266500339,31.358380922683153,124.71649651073442
8,20,149.75419765136402,203.30726643951556,28.635091659100468
8,21,150.13478132213461,58.51545875332886,137.1625642683129
8,22,149.24932644990443,234.90856164413208,14.285805478804065
8,23,151.49336259861198,100.96562435601297,153.17783761650628
8,24,150.63214576130596,280.92851657915264,1.6592458278737752
8,25,149.90572476846845,146.94809856111698,170.79180158088138
8,26,152.75141489914753,328.2704273312746,21.77932266607189
8,27,152.2001767669033,208.7232695635426,191.48567816634184
8,28,150.21802250304498,404.1577545404076,48.994725740139444
8,29,150.97452245619644,293.6261509188049,225.93385492030447
8,30,150.06944157984856,502.72290876875877,86.39174851248569
8,31,149.4359035178768,398.91160451658936,265.47978551221183
8,32,148.6281729150524,623.5384623844914,130.85427006921512
8,33,149.17148159459904,532.4429677078354,318.45704854419415
8,34,150.41272796143966,768.7866193104528,191.69182564345164
8,35,150.46573000667956,703.3877947574072,387.1681396741462
8,36,150.99421720468916,961.4803003940904,267.36031697374983
8,37,150.3922365261533,920.5119834391622,472.9764696515288
8,38,148.72547637980935,1212.4263455604796,366.1521663312618
8,39,148.80315740405848,1199.0587557511396,583.4005461002249
8,40,148.5572456430996,1532.0471713308107,492.6389430715958
8,41,150.05955134942647,1564.0703145544117,728.6906727842072
8,42,149.85508444144827,1941.619255989197,652.9563054382113
8,43,152.32838210034248,2034.8892287097547,910.9580991194669
8,44,150.95238453088706,2468.3488134809536,864.4715516944382
8,45,151.9138827625922,2626.2903557798563,1147.0657061455317
8,46,151.22250234302908,3134.115201061939,1126.7056968257157
8,47,150.5118561774166,3379.031105716666,1443.6533495309727
8,48,151.79670428436728,3986.786978842519,1463.505739039289
8,49,151.69588890923745,4344.889993619083,1825.5909450159613
9,0,142.32981558355857,99.29034249173372,60.1930535987267
9,1,146.36550963796293,66.19988977967694,93.87122349031492
9,2,148.14549640255746,102.36921008237636,66.67339594272676
9,3,148.80844143587234,59.2598441706851,89.16720298712232
9,4,151.81154960171483,99.1095146388845,69.60235271232497
9,5,150.42799590609184,56.18176421798185,88.75550964435394
9,6,149.0646326273821,110.39746436422146,66.31419389615041
9,7,148.28006888893844,50.302766909116215,92.6989277229164
9,8,148.89496561024006,117.01011617436123,63.92522839270831
9,9,150.55661998100405,35.19516181778056,95.85097567794591
9,10,151.34668306453597,127.04117923293379,61.40996299246957
9,11,150.34119663589706,26.051395770568632,98.6101486991509
9,12,151.045875028194,138.25660170639532,57.184287138892174
9,13,149.56876065847828,14.261237927410576,106.95583994331103
9,14,149.93157982740993,156.05508898431566,48.5333649298395
9,15,151.14353775929612,12.088959264019806,114.32358215964524
9,16,150.645047881873,181.64458743450433,39.90033243121361
9,17,149.83199625779017,36.90369529742286,123.76448576914717
9,18,149.11742249736267,215.87356152387105,27.196536610066744
9,19,149.87019996939225,74.91854745717086,141.78689810226723
9,20,149.58610898299472,257.3559589183351,9.022502749027709
9,21,150.30830167284537,123.28919132381537,160.55897182703592
9,22,151.14070941080158,306.6842789852831,13.165903114640997
9,23,151.87294054516207,184.3914887309635,184.76668334146527
9,24,147.65809912899147,385.1566757814549,38.81009041165271
9,25,147.86403568685327,258.79146091236976,213.845437534378
9,26,149.68673854938947,463.26323973701614,72.12941150223804
9,27,152.55225137868462,362.8240507388473,251.75979709257115
9,28,150.73619198054092,579.7083599231989,115.53260119433597
9,29,150.33114235071392,486.1799157583339,301.5240664041359
9,30,151.53435509780522,716.1024757310375,170.5654088655942
9,31,149.86397225180414,640.4665780068881,361.36773914479454
9,32,148.52733897322454,896.0781047701662,241.4756999527616
9,33,150.42115543524685,843.0791281288152,444.01082015554806
9,34,150.88225009030828,1119.0163918775647,332.4931495365367
9,35,150.0963900843204,1099.4162815855364,542.1036407121057
9,36,148.7442011686325,1414.833187787651,444.97565193934076
9,37,150.4753080587975,1430.603087664301,675.0596238847534
9,38,149.93222092399503,1787.697252641112,595.7957218211596
9,39,149.08765116989682,1847.9045124046393,842.8471450889194
9,40,152.02755167006717,2251.8271189599,783.206541593895
9,41,150.55456734611278,2381.542379212527,1055.9642561522153
9,42,150.2084493674445,2863.4294386023334,1023.218040651222
9,43,148.78659439591104,3066.029799576985,1325.9846450923137
9,44,149.63827229918564,3638.7471610318134,1327.5731799016228
9,45,147.6039699543893,3940.3461264713787,1668.0682385595965
9,46,148.26073084666422,4628.8864638954665,1717.3924179366513
9,47,150.84408945459586,5069.406112944493,2111.167555446828
9,48,151.51281897347513,5898.290582826527,2217.6786609926758
9,49,151.33606287586585,6509.992317682376,2678.225896757452
