7,25,1.0,151.90338609214902,75.67161561306101,78.80733480638153
7,26,0.0,146.39570944581507,83.26775299557278,79.5006746389786
7,27,1.0,147.67107406126064,81.08012816340116,81.62041542740785
7,28,1.0,150.5480059996837,79.90576379600921,77.87005350808593
7,29,0.0,148.4051188093433,79.73631055442617,82.34099968461658
7,30,0.0,151.27941955606846,79.68749182020628,77.08160662131156
7,31,1.0,150.92778440221053,79.45498133937808,81.00097227671789
7,32,0.0,147.08900501892393,80.3712925718271,77.04620314014511
7,33,0.0,152.356172524967,81.27619293384537,82.09029982614395
7,34,0.0,145.84986255197268,76.36297456763573,76.75322076973958
7,35,0.0,152.52168576257725,81.12116913048493,80.0115266634615
7,36,1.0,150.9289111736776,80.14715295985384,77.80514871593793
7,37,1.0,150.08410420372886,78.89960962805435,77.56572270489988
7,38,0.0,147.43274836852945,79.92919798244496,79.47673943598672
7,39,0.0,151.04796779089097,79.45446619925954,77.31837907619905
7,40,1.0,150.26395572695125,77.80912493692844,80.17654739817385
7,41,1.0,150.85453119657248,77.37368713668171,75.54839584496625
7,42,0.0,147.83389572694026,79.46579184189693,81.18792539144047
7,43,1.0,148.40463020291222,78.31356555522522,77.7064569600395
7,44,1.0,148.89812415951644,76.22999354409464,79.19694662544195
7,45,0.0,150.52218539562114,83.9015952371122,79.98940703434974
7,46,1.0,151.01879819203387,82.1727933240402,80.16360796804321
7,47,0.0,148.4374069646842,77.03612953538031,78.26829321164205
7,48,1.0,149.21855501689447,74.21656461789897,79.7483530654425
7,49,0.0,151.366169052764,84.10529458232052,78.74277115096889
8,0,1.0,141.66429351895863,87.92012845713182,89.7766157611791
8,1,1.0,145.71826666935232,85.90112111585098,76.68582389158847
8,2,0.0,154.81621046407997,76.02809183433979,81.96061655634936
8,3,0.0,142.94675449668097,80.26399042495964,77.16465527217957
8,4,1.0,146.1345293942015,78.66151658856326,80.53424046893639
8,5,0.0,153.19652813005945,80.56709173287204,75.47552079282005
8,6,1.0,152.1836895766558,80.280257525189,77.67073652027086
8,7,0.0,145.40653891017212,79.84706907752401,81.30518455802776
8,8,0.0,153.77522060076703,80.86361903417402,76.59494262359226
8,9,1.0,153.94905054457013,78.43689352306632,77.48399987417966
8,10,0.0,145.3284793552132,79.91589250043967,82.1715567255541
8,11,1.0,149.36131014393348,76.12929940615827,78.05085484195848
8,12,1.0,149.57952721636556,77.15657767939955,79.84383069347949
8,13,1.0,150.89010301533636,76.86593950589858,78.03907213944892
8,14,0.0,149.8111102436089,81.96508601004511,78.75830774513285
8,15,1.0,151.30696627794504,80.92945521827984,80.23238160130623
8,16,0.0,147.86986332560318,78.83447584057863,78.65188782064668
8,17,1.0,150.30286302541174,76.83082251099435,76.71510938551661
8,18,0.0,150.23579184072,80.40627218189971,80.17207848816606
8,19,0.0,149.20878321408532,79.33867840634086,76.39713116957493
8,20,1.0,149.48777672791866,78.90813410501755,80.30560944133863
8,21,0.0,149.36228943010204,83.06430044479781,78.09768362453032
8,22,1.0,150.32474173972412,81.17847415260522,78.54198201659598
8,23,0.0,148.03949613436373,77.65239665166709,79.88933421621226
8,24,0.0,151.69559598388918,79.45625778172608,79.27688494329051
8,25,0.0,147.89193596094452,78.97923324573425,75.02531024784646
8,26,0.0,151.02530114903476,81.62123613422001,81.3324353578308
8,27,0.0,149.37357389272978,79.24542397161787,74.54445999357897
8,28,0.0,150.57831106065225,79.46721188298594,82.03264563214898
8,29,0.0,150.0760929180652,81.31114904152497,75.78105586514712
8,30,0.0,150.29870425861583,76.58767879434083,78.54423767375636
8,31,0.0,150.31951527456292,81.4989268428497,78.12904971314181
8,32,0.0,149.4763514436966,77.95147001329283,81.81681340831359
8,33,1.0,149.29819773068132,76.85368645689415,79.36725795385917
8,34,0.0,150.34113157325768,80.65097007956096,79.12585673333288
8,35,0.0,148.22747491218996,76.76291973274026,80.29690249449372
8,36,1.0,149.12462576273322,75.76401313823224,77.72170716164322
8,37,1.0,150.05415385752215,75.76330535567612,77.44393247383458
8,38,1.0,149.8264329382223,73.75908365297403,79.77147053867567
8,39,1.0,150.2765537434685,75.51609382629118,78.72311699205072
8,40,0.0,148.62751361233475,83.5891439343047,77.92337373730953
8,41,1.0,149.77934930042775,80.87224338191292,78.08179380534483
8,42,1.0,150.02689240032987,77.58826278922292,77.61818311722725
8,43,1.0,149.9744620639368,75.94439113085433,78.28376342170614
8,44,1.0,150.886674826756,75.71017007427153,79.28348929061588
8,45,1.0,150.85538361352172,75.5906222976964,77.96188666587827
8,46,0.0,148.96309358727623,82.58252946431907,81.1642532167806
8,47,1.0,147.628804063304,83.05991790559779,79.24487647307828
8,48,0.0,152.31987923243992,77.68139440161491,78.44003768821246
8,49,1.0,152.57539964868695,75.48382391131317,79.60022748638768
9,0,0.0,163.43597507660812,101.56310086251631,72.70627555489025
9,1,0.0,133.81629691902057,64.34289203824564,85.53197647521402
9,2,1.0,140.28491200396456,66.85896460650257,74.94499037525063
9,3,0.0,161.49730628370563,88.69907489584945,81.02963966528677
9,4,1.0,155.95780686598025,85.14507153171145,78.81693437097957
9,5,0.0,141.98633851516612,74.0850995915973,76.56620400145887
9,6,1.0,146.23888474588622,73.55806124847031,81.22438164881198
9,7,0.0,153.11741323926637,85.18352379114248,77.93826387566929
9,8,1.0,150.6789025619441,84.21472776668563,78.3732888288008
9,9,1.0,151.14590921112452,81.96762015543064,78.12274214143108
9,10,0.0,146.54099544951626,78.15054756996865,82.14323232852253
9,11,1.0,148.23831376021707,77.03364405503044,78.68814808682185
9,12,0.0,149.35309314171707,82.2036826338232,78.61846017904159
9,13,0.0,149.9656820776001,77.32915583810372,80.5858579145838
9,14,0.0,151.6417518891046,79.92524696151023,79.4467130292036
9,15,1.0,150.07147160063295,78.5652370782818,79.0278977136428
9,16,0.0,149.80866862029706,81.38831994977461,80.42660429268909
9,17,1.0,149.4725776282264,78.64222861341177,78.9837342025722
9,18,0.0,149.9388141332418,82.8829321593283,77.40981933316942
9,19,1.0,150.8781553522932,81.61848135582962,79.34241586020951
9,20,0.0,148.8528314101101,77.52183534545456,76.1860489593305
9,21,1.0,149.14538509599586,77.77575124681533,79.77063723282185
9,22,1.0,150.18342029560606,78.25021761459783,79.43914924077794
9,23,0.0,150.23183659944263,80.59922449400662,75.81473101443828
9,24,0.0,148.52973841020628,77.86888055559338,82.07534017561976
9,25,1.0,149.6127842575107,77.76680377669624,76.54866181378159
9,26,0.0,148.50505762211495,81.25829891836493,79.84557929900441
9,27,0.0,148.917075646689,79.12455044790319,79.04086270438751
9,28,1.0,149.8795595713092,77.17374176369857,77.94007098225663
9,29,0.0,148.9808875260072,83.01921551252357,80.21157798414525
9,30,1.0,149.33396526439893,79.31129225792695,76.22471023390875
9,31,0.0,148.69445414564277,80.08713115325037,81.10485569227858
9,32,0.0,150.28090565820935,79.5864650100153,74.69159290724279
9,33,1.0,150.08994944494077,78.51877024207187,80.2287973486705
9,34,0.0,148.28869874865177,79.2203108168401,74.8695753013092
9,35,0.0,150.99789831228037,79.89075418280176,83.86182923340172
9,36,0.0,147.90189894974395,80.17579963736033,73.5241719680715
9,37,1.0,149.57212906978395,75.94584962750487,80.04187992828395
9,38,1.0,149.0526814889825,76.05965380574771,76.62324992895365
9,39,0.0,150.7604142343826,80.623309830664,80.02315157103233
9,40,1.0,149.7391248670765,79.11712748981762,78.4682516912708
9,41,1.0,149.51207389293012,76.66889177764384,79.35196682818496
9,42,1.0,150.16913964413519,75.04368255228174,79.52589055511504
9,43,1.0,149.3272141566203,74.86925243582172,78.31371810294995
9,44,0.0,150.58123054214298,84.55608273326087,78.02740611187798
9,45,1.0,151.865588228058,84.99791167589068,79.63591578158606
9,46,0.0,148.49070743362242,74.30948910307998,77.40407938230948
9,47,1.0,149.381205938808,76.03306261439161,78.22731195501117
9,48,1.0,148.95773466723716,74.78976104270276,80.25477080702132
9,49,0.0,150.69774976113277,83.43075197159592,77.54653925426169
