4,49,151.55224411091692,1903.311063842297,930.5305869122956
5,0,143.5152744255206,146.3851401410554,112.37068537781404
5,1,147.22351072734165,117.44135172613807,143.10196713618
5,2,148.92272716177305,146.20942593086397,119.02326825864246
5,3,150.8348377100241,108.68523406573001,140.75576234939493
5,4,151.26805877449522,149.99181435228468,118.55987945311973
5,5,149.98148044552116,107.35453494529341,140.6708949865561
5,6,149.3298148813994,158.2349002441183,118.48654203639232
5,7,147.27575611354104,107.6701378022414,139.77001119393628
5,8,150.04475092903354,154.61972584347217,119.0199356613328
5,9,148.21452546433582,106.81790709343885,141.4852629958516
5,10,147.91918940494776,161.96404775884298,115.20004872314004
5,11,149.6806806134745,90.89029526143133,145.75940663079575
5,12,151.33745195055616,170.80615281830717,112.68512175082047
5,13,150.14131214093848,82.6397904225389,147.72793039378394
5,14,148.06604553351016,188.3867531198161,109.2563771547737
5,15,149.5562078442604,65.20875396930697,152.92288891958538
5,16,149.6425960209178,202.84918887966606,101.71363881624869
5,17,150.3338085887885,47.69691325242907,161.6507617455978
5,18,151.22226463421072,219.1391915882133,94.83139795813759
5,19,149.62504354972432,30.716504050745286,168.97738089897734
5,20,150.15799269600032,239.98151009649257,85.67772303010159
5,21,150.10656057357994,5.869529886257197,177.47076234504152
5,22,151.7100670350657,263.33199861526356,75.24645468113742
5,23,151.8171815852309,29.90069054227928,191.62609940846056
5,24,150.98658442624063,305.76960218788423,60.44610686576567
5,25,149.99690422319458,70.91644702030342,207.85279160549723
5,26,150.93444058247783,354.7452173326021,41.04098377619721
5,27,151.21718304436902,127.72208786821369,230.88196726641746
5,28,150.34753219364805,417.26703107543693,14.86024935216372
5,29,149.4199552386099,193.50070293296983,259.89574129624305
5,30,151.19473084283996,491.25179192453015,15.833358169526832
5,31,150.53641299437345,282.42356841426385,293.1503763690462
5,32,149.80559177531143,596.1648466650246,54.97179060014679
5,33,150.31990594406548,400.0050488816355,336.19812276926007
5,34,149.54536897205767,729.7287860404484,106.21253342058748
5,35,150.17794798437347,550.4228673946834,395.3241376980467
5,36,150.23505569288295,900.593083994126,175.18704942536283
5,37,150.74004870876286,742.9639031614545,474.90372046635935
5,38,149.5864518447945,1117.035214940972,262.03112334269395
5,39,149.4015655244036,986.3663004603632,571.3169705114542
5,40,149.70623620048332,1392.1069364211432,368.96222180790943
5,41,149.97397782160587,1297.1524131948267,693.317690623874
5,42,150.46591001993838,1742.0584982650407,506.96461085043234
5,43,151.2477105879248,1697.878122497485,848.7369563116841
5,44,150.55261625218336,2193.5159754081396,684.0773675614919
5,45,149.9242082977485,2205.9140174491813,1050.720498382138
5,46,151.01147169343915,2766.3474531851643,911.4484425160672
5,47,150.42465982663404,2854.64856909961,1309.6051563018777
5,48,150.35914090325272,3504.6461944893163,1204.5560400212078
5,49,149.37889788531174,3688.6658655091114,1637.283022055867
6,0,140.48900358681763,153.03370022296704,105.70794960308271
6,1,143.38470210894909,124.86008207373146,146.0925324491284
6,2,146.34444942390033,146.59624091863094,116.00155541976441
6,3,149.65711634689697,111.82276490517502,142.5788404268273
6,4,149.02524254077667,154.62974236294485,113.75515137243991
6,5,151.06251692865283,99.94829472203425,145.86618083141047
6,6,152.0828236668508,158.35964640017536,112.79859527297076
6,7,149.45065523845497,98.14547474781405,146.277926874527
6,8,152.66661690683827,152.51806940267804,112.18255514357364
6,9,151.53656276925398,100.20102337368868,146.83868638054537
6,10,149.93534058855695,163.29893567513665,113.63087186384215
6,11,150.93628819977917,91.38503217979965,146.6439565231165
6,12,151.97436838370467,166.34641030243898,111.69733531689455
6,13,152.51581667072475,81.38470455746717,149.7610237272433
6,14,149.95112925666643,184.83922733598337,107.13132121843516
6,15,149.49124305452258,69.33944279245154,152.84321418988287
6,16,149.4677382026917,200.43865354486343,102.59393316773804
6,17,148.6169843749867,53.110294391418535,159.61684366286104
6,18,148.38673778867874,220.40852701750782,95.67191501149875
6,19,149.947987150097,26.110204022823268,169.0313660918735
6,20,147.85377926224314,253.650044190618,81.6546418062544
6,21,149.16135263741677,6.287374065013978,183.52113884197706
6,22,149.76517309033892,283.1635807670678,68.27424110861935
6,23,149.43825599775263,42.72214224030631,197.01787613018396
6,24,149.59877312776433,326.32987879515935,53.3479370116559
6,25,150.34723776820883,94.14828076213342,216.09228457135964
6,26,148.8984964179239,385.97222236819573,31.705466443414593
6,27,149.71848829930485,160.08354325638982,240.20188229204507
6,28,150.10197355458678,457.2545190691596,4.211063414075483
6,29,151.32540541315123,244.66116773439842,273.05141195867793
6,30,149.9748342950051,551.7768021387938,34.276394548960155
6,31,150.55996886507,350.38365502384033,315.3909716948108
6,32,150.7969495615173,669.7381608554234,83.7230881084518
6,33,150.92782434256054,483.2557608458749,369.9120680784799
6,34,148.55945237174927,832.4430037860641,142.93208721748948
6,35,150.53057129269826,669.2182604404645,440.73051080676817
6,36,149.42639420850233,1032.471190863624,222.5745271295159
6,37,150.72746490734107,895.3397610841814,529.9168954866507
6,38,152.2335883854091,1283.7286309168408,325.465060365751
6,39,150.05437054812367,1174.42966242158,643.7797968944553
6,40,150.3996286353723,1604.0565806939821,451.26202260286755
6,41,152.26677538410493,1542.721697241623,787.5622649481431
6,42,149.58249384490188,2022.4197014276724,616.6524935829447
6,43,151.24144632826983,2012.0304363387659,972.4556407031552
6,44,150.84642621566616,2553.4796799735377,826.3183379275081
6,45,150.71983086300662,2613.656072276032,1210.2172532822403
6,46,150.37714554523524,3230.341856855742,1094.2067795430273
6,47,149.7021080076587,3376.6995128748194,1512.6944746592737
6,48,149.99948873445334,4095.0196905394782,1436.3994888500447
6,49,150.4321073800502,4355.3481008337585,1901.0495333559816
7,0,141.90122514960123,151.01121780617882,108.12925538198195
7,1,147.1609324769552,115.28661290411647,146.38572527003018
7,2,149.56420553766893,148.60198990220036,114.12057568511996
7,3,149.00690663535605,110.86785851859587,141.35869257798208
7,4,149.8855816162871,151.7863940515326,116.638720640008
7,5,151.9704903529752,98.15138490610316,144.41757430539852
7,6,151.32359399748026,162.55913085832628,113.56420424614394
7,7,151.70469473530216,88.08253912448609,147.09430719411577
7,8,149.6577821084693,178.02343053689083,110.0593857656298
7,9,152.0245563861421,69.72962727337094,152.93111063417288
7,10,151.24513545959167,196.6224322476825,101.63294671469217
7,11,150.77722464906,53.011425891882,160.26787704094542
7,12,151.91565027959717,213.84719481801213,94.59617610253643
7,13,151.00965114247117,32.7577777085059,169.9566713090838
7,14,150.53924457908525,237.8690989483973,81.864246034588
7,15,150.00185188944928,5.574214190692942,180.83295182651145
7,16,149.36279104027662,272.94725003070243,72.01106593904426
7,17,148.23756167178075,26.01664518971819,194.56979066324374
7,18,150.9806952737756,304.48887869055994,57.45199936340623
7,19,153.17768009062604,78.7479968433617,212.42649128926698
7,20,150.76939617530408,362.04968538529084,37.497484587942154
7,21,149.5896593878467,132.55219836202224,232.67331316206003
7,22,149.90860860973646,428.72422794338604,13.731352365719161
7,23,150.21857428943915,207.76549242006035,262.5237018952537
7,24,149.6258495391964,513.3487705446098,22.910069217266624
