7,25,149.32120083386016,332.2229504220386,270.6141172501291
7,26,150.2694588147046,586.8842150815751,93.10976232519255
7,27,150.24404449167125,449.1370907160982,318.12560825533257
7,28,148.36987558160664,726.5901366664973,148.90395848079257
7,29,149.80624902813494,612.7951716189707,380.4907483827211
7,30,148.16695248708314,910.7696341150097,219.06293990325543
7,31,148.53175160014996,812.2319868739178,461.15119513250943
7,32,148.16825477607213,1137.26899889928,310.018736736983
7,33,152.457261498611,1080.44052496975,563.9906520953162
7,34,151.29828830960568,1427.8043059261345,425.7683656118136
7,35,150.4620887073356,1405.1579319823104,693.57651012184
7,36,149.84349343291373,1802.3526570011477,572.627153194356
7,37,152.16298878765366,1834.1567267729981,861.7531243561266
7,38,151.19766806816384,2284.5345668676673,762.0492067428407
7,39,152.18107909987867,2377.7261307704694,1073.983495574767
7,40,151.52706336537315,2900.269440973089,1002.252310077952
7,41,152.2490527187415,3077.1936476730198,1348.5819591326162
7,42,148.96251153422492,3698.7096106246636,1317.5686498479822
7,43,149.49804510315047,3969.7550776309513,1702.6630321091634
7,44,150.86841776700842,4698.273448036846,1715.3105535742557
7,45,151.1972587525475,5105.910199625718,2151.393239451959
7,46,150.48103181512053,5986.326059456176,2222.5864268144833
7,47,149.82155170995426,6560.502236665079,2727.0186872198537
7,48,149.67830271034873,7633.688846396115,2873.523258446977
7,49,148.65718618963655,8420.04449275703,3463.4832437124855
8,0,142.26917245275607,116.6716537358115,81.76187708611087
8,1,147.36198170358168,88.9307885875997,115.20885219730675
8,2,149.75159946625726,115.04716052556078,86.04768967527767
8,3,151.18944848115106,80.6276419139829,113.20046197944883
8,4,150.43197573811332,119.1952830833483,84.73481725263672
8,5,151.08510675495913,75.24364159085275,113.92613195581542
8,6,150.46730272414442,124.11993275430342,86.97055904845962
8,7,151.56494540899183,68.969121477436,112.72892014418885
8,8,149.22167328573272,132.97459057144323,85.52416155438286
8,9,151.04704447964926,61.12465108076308,115.09822031797016
8,10,153.06706776525755,132.30534158305926,82.80476354875225
8,11,149.08215349752075,63.42419220112478,118.59833226816988
8,12,148.59613288666196,144.98360020530606,79.56375469007367
8,13,150.96029423578227,42.267102114873,122.4657341624591
8,14,151.52349138907616,159.59874926940375,75.58150932072891
8,15,151.18585145683866,28.248458307746944,127.03968352202223
8,16,150.91197911564944,176.89161912211387,67.84975548621625
8,17,151.207398786973,9.172722686498105,135.59142431283146
8,18,150.78959541202468,194.47994079164152,60.64835170205283
8,19,151.4541266500339,11.358380922683153,144.71649651073443
8,20,149.75419765136402,223.30726643951556,48.63509165910047
8,21,150.13478132213461,38.51545875332886,157.1625642683129
8,22,149.24932644990443,254.90856164413208,34.285805478804065
8,23,151.49336259861198,80.96562435601297,173.17783761650628
8,24,150.63214576130596,300.92851657915264,18.340754172126225
8,25,149.90572476846845,126.94809856111698,190.79180158088138
8,26,152.75141489914753,348.2704273312746,1.7793226660718915
8,27,152.2001767669033,188.7232695635426,211.48567816634184
8,28,150.21802250304498,424.1577545404076,28.994725740139444
8,29,150.97452245619644,273.6261509188049,245.93385492030447
8,30,150.06944157984856,522.7229087687588,66.39174851248569
8,31,149.4359035178768,378.91160451658936,285.47978551221183
8,32,148.6281729150524,643.5384623844914,110.85427006921512
8,33,149.17148159459904,512.4429677078354,338.45704854419415
8,34,150.41272796143966,788.7866193104528,171.69182564345164
8,35,150.46573000667956,683.3877947574072,407.1681396741462
8,36,150.99421720468916,981.4803003940904,247.36031697374983
8,37,150.3922365261533,900.5119834391622,492.9764696515288
8,38,148.72547637980935,1232.4263455604796,346.1521663312618
8,39,148.80315740405848,1179.0587557511396,603.4005461002249
8,40,148.5572456430996,1552.0471713308107,472.6389430715958
8,41,150.05955134942647,1544.0703145544117,748.6906727842072
8,42,149.85508444144827,1961.619255989197,632.9563054382113
8,43,152.32838210034248,2014.8892287097547,930.9580991194669
8,44,150.95238453088706,2488.3488134809536,844.4715516944382
8,45,151.9138827625922,2606.2903557798563,1167.0657061455317
8,46,151.22250234302908,3154.115201061939,1106.7056968257157
8,47,150.5118561774166,3359.031105716666,1463.6533495309727
8,48,151.79670428436728,4006.786978842519,1443.505739039289
8,49,151.69588890923745,4324.889993619083,1845.5909450159613
9,0,142.32981558355857,119.29034249173372,80.19305359872669
9,1,146.36550963796293,86.19988977967694,113.87122349031492
9,2,148.14549640255746,122.36921008237636,86.67339594272676
9,3,148.80844143587234,79.2598441706851,109.16720298712232
9,4,151.81154960171483,119.1095146388845,89.60235271232497
9,5,150.42799590609184,76.18176421798185,108.75550964435394
9,6,149.0646326273821,130.39746436422146,86.31419389615041
9,7,148.28006888893844,70.30276690911622,112.6989277229164
9,8,148.89496561024006,137.01011617436123,83.9252283927083
9,9,150.55661998100405,55.19516181778056,115.85097567794591
9,10,151.34668306453597,147.04117923293379,81.40996299246957
9,11,150.34119663589706,46.05139577056863,118.6101486991509
9,12,151.045875028194,158.25660170639532,77.18428713889217
9,13,149.56876065847828,34.261237927410576,126.95583994331103
9,14,149.93157982740993,176.05508898431566,68.53336492983951
9,15,151.14353775929612,7.911040735980194,134.32358215964524
9,16,150.645047881873,201.64458743450433,59.90033243121361
9,17,149.83199625779017,16.903695297422857,143.76448576914717
9,18,149.11742249736267,235.87356152387105,47.196536610066744
9,19,149.87019996939225,54.91854745717086,161.78689810226723
9,20,149.58610898299472,277.3559589183351,29.02250274902771
9,21,150.30830167284537,103.28919132381537,180.55897182703592
9,22,151.14070941080158,326.6842789852831,6.834096885359003
9,23,151.87294054516207,164.3914887309635,204.76668334146527
9,24,147.65809912899147,405.1566757814549,18.81009041165271
9,25,147.86403568685327,238.79146091236976,233.845437534378
9,26,149.68673854938947,483.26323973701614,52.12941150223804
9,27,152.55225137868462,342.8240507388473,271.75979709257115
9,28,150.73619198054092,599.7083599231989,95.53260119433597
9,29,150.33114235071392,466.1799157583339,321.5240664041359
9,30,151.53435509780522,736.1024757310375,150.5654088655942
9,31,149.86397225180414,620.4665780068881,381.36773914479454
9,32,148.52733897322454,916.0781047701662,221.4756999527616
9,33,150.42115543524685,823.0791281288152,464.01082015554806
9,34,150.88225009030828,1139.0163918775647,312.4931495365367
9,35,150.0963900843204,1079.4162815855364,562.1036407121057
9,36,148.7442011686325,1434.833187787651,424.97565193934076
9,37,150.4753080587975,1410.603087664301,695.0596238847534
9,38,149.93222092399503,1807.697252641112,575.7957218211596
9,39,149.08765116989682,1827.9045124046393,862.8471450889194
9,40,152.02755167006717,2271.8271189599,763.206541593895
9,41,150.55456734611278,2361.542379212527,1075.9642561522153
9,42,150.2084493674445,2883.4294386023334,1003.218040651222
9,43,148.78659439591104,3046.029799576985,1345.9846450923137
9,44,149.63827229918564,3658.7471610318134,1307.5731799016228
9,45,147.6039699543893,3920.3461264713787,1688.0682385595965
9,46,148.26073084666422,4648.8864638954665,1697.3924179366513
9,47,150.84408945459586,5049.406112944493,2131.167555446828
9,48,151.51281897347513,5918.290582826527,2197.6786609926758
9,49,151.33606287586585,6489.992317682376,2698.225896757452
0,0,143.92421717988663,116.30975283239708,80.03960608298398
0,1,148.12003295065702,86.34474193480595,114.3075437979809
0,2,148.25787698693304,118.8989264356197,85.63670479993654
0,3,149.01366215715746,81.778054883034,113.84994842757267
0,4,146.18034248401645,133.47492088412247,82.52091779171394
0,5,146.05470050903693,72.23648761747835,116.42665727874154
0,6,148.571601453521,135.83301548695906,82.49324514035028
0,7,149.36425007476925,60.21223845292503,119.79625772919914
0,8,151.9158880891937,139.21971210984128,82.0679870834025
0,9,152.48153441887808,49.97171738403195,119.72432145430258
0,10,153.72002843832334,143.36710556174143,78.70532646241925
0,11,151.05646132148053,47.3543600273929,123.19469253907057
0,12,150.22415539916247,158.2744676442254,72.66587518599982
0,13,150.68471959813527,30.326825226521294,131.16371627337753
0,14,150.27389315215547,175.13365115846182,65.67296458114292
0,15,150.4359594956868,13.840909835404432,136.4391165221501
0,16,152.3931891417998,189.79890955457728,58.08188047216616
0,17,150.22772106000463,1.6113373604500225,143.5181327418942
0,18,148.76523130704774,216.58421711425495,50.51751007068367
0,19,150.82957381957507,36.82034861563102,154.45729222244807
0,20,151.03532663705076,251.94721720624258,38.28742181650585
0,21,149.01886179468593,67.8482804050804,169.99312779122897
0,22,150.69668713244067,287.1585140681981,21.1214434457668
0,23,151.8304486540254,116.15533291523832,185.18956010019772
0,24,150.87639441728226,342.4237214068445,2.640670757795732
0,25,152.0795614626672,181.8967023096751,209.91952687415937
0,26,151.77819122010402,411.18463077800516,25.235357678654324
0,27,149.85580488181014,252.4133361172848,238.53582366162792
0,28,151.142897628353,494.5377540358402,57.61420916970803
0,29,151.27766280818432,350.8988718783019,279.250727906819
0,30,152.0076117736592,601.855196986581,103.01042032313649
0,31,152.7481172663361,475.4201410736367,328.8767759984175
0,32,151.74007255759614,747.0002826131301,157.42293404300193
0,33,152.41513061377535,640.4745151631188,390.1561868348746
0,34,150.26346706294828,934.9468484766396,231.86135365261953
0,35,150.01112066311745,841.7992016206022,473.67257596805007
0,36,148.9118257232398,1168.5983857029012,323.5518178194901
0,37,149.59023113855594,1108.5916220846884,578.4750951956643
0,38,150.41685027561806,1465.3971517069094,441.45135163105385
0,39,151.4557179428447,1447.9924961447823,711.9853214417968
0,40,150.45094446064738,1847.3381738085648,592.6825034564744
0,41,150.35590001318633,1877.709190924248,881.9250439803523
0,42,147.7789904434937,2342.4073383497607,784.261304778606
0,43,147.3299318301418,2426.789634265572,1098.4309863252774
0,44,147.8647886110847,2964.8909869920335,1031.6070276727064
0,45,147.88414751918555,3134.070356288635,1377.715436019015
0,46,147.27540451574632,3764.38072237571,1346.7837367060085
0,47,149.72867000954696,4043.442219402623,1735.6291319297793
0,48,149.20530717763697,4787.743024893693,1750.7971079302988
0,49,149.30885717766347,5198.300385878197,2192.201872757815
1,0,141.97326590644457,120.40630629553371,78.46788332898032
1,1,145.33109097124634,90.67149295649267,113.85953992832434
1,2,148.71337995560404,113.05081839940334,86.74049331357959
1,3,150.30422098196175,82.46181974083785,111.25498360672076
1,4,151.0619680665736,113.9248613179773,88.4102480271361
1,5,149.04258491624324,88.73092410179274,107.18541236003702
1,6,148.74117817122303,115.27215692955944,92.78497404731102
1,7,150.21424819389145,81.32206303031431,105.69545852313088
1,8,151.09539799406727,117.22822701561503,94.09036336570209
1,9,152.09053435754498,73.52218044553747,107.12747367354132
1,10,151.079308083432,129.4643813703007,89.38604344966313
1,11,149.9241108078787,63.94004917568846,113.0121367184417
1,12,148.76062001095684,144.4996153320673,83.17422912601488
1,13,148.29216823034616,53.37586677429926,120.07942008781615
1,14,149.6288866994047,152.52909492941325,76.34428591425802
1,15,150.08337587799943,39.662930498027166,125.24986265628641
1,16,149.5462071131265,169.93766363608256,70.30986485459043
1,17,149.5718939600783,20.8450018681515,131.78606059039018
1,18,148.8523013337276,191.57500467268193,61.50502029176595
1,19,149.4225101033181,2.92632466978489,141.13028306141837
1,20,147.55546944462196,222.5904651933226,52.08755861731456
1,21,148.7795585485628,36.98853795507438,155.80550858614214
1,22,150.47475840786637,254.5444872685904,37.64411638160677
1,23,150.97531859633705,80.65052843771275,168.0166063967268
1,24,151.73715666775934,294.5170780618938,22.30930605015422
1,25,150.22156188775963,121.16975709561927,186.35872319240633
1,26,149.93912143311812,348.6108647053897,2.0092107358444764
1,27,151.0632281465435,185.6368767546902,211.70566921153582
1,28,149.51849292845242,421.0131621989213,26.07477117538069
1,29,150.59491874862908,265.86090700846734,240.67024322998438
1,30,149.98451225272635,512.7553578799045,62.859314283239996
1,31,150.09529437410072,369.2190995024274,282.05927916532454
1,32,150.26251776873707,627.9442381640383,108.6297945739081
1,33,150.067871006733,495.89953572965317,334.1630321122615
1,34,150.48738284533334,770.7352345727237,167.02349490430856
1,35,148.02157984554714,653.4103005275333,399.75687695939615
1,36,150.98070176760058,948.4245097552266,238.59185411246528
1,37,150.70005759023016,859.8221015150791,479.9660355662042
1,38,151.05865436851852,1181.6491797612023,328.8340415841541
1,39,152.13812141883628,1131.4827934433033,583.6509100588428
1,40,150.30177816361092,1490.5067808397835,448.5651856325767
1,41,151.28711809236162,1477.6538586762495,719.8917284481661
1,42,153.0253768516981,1874.8670730953654,602.0275754901584
1,43,152.86069181375197,1915.623763248769,892.8130491313163
1,44,152.28847270613892,2370.0349865434478,796.4346193897438
1,45,149.62067315384274,2467.0458118764054,1113.9920087394282
1,46,150.94223295852882,3001.744897261386,1049.3154869685154
1,47,150.6397119759752,3185.1093375516284,1398.3401825903577
1,48,148.22749872591916,3820.8113010297484,1367.8611785841904
1,49,151.16011916134693,4113.1996545605325,1759.9313104491494
2,0,142.30031808238496,115.91325226498243,82.18661564980005
2,1,146.8492992743081,92.92531064859982,113.28316506553315
2,2,149.04368651212516,112.1186368498306,86.39374352399624
2,3,149.81533626129092,83.80102224375936,109.20508156777456
2,4,148.30515568643318,122.74613681218331,88.09914491136634
2,5,148.79554336244507,73.18805161972972,113.37179100723142
2,6,149.92536112959246,132.31492078086504,85.454828603328
2,7,152.0858353085857,56.27790787903125,114.80463256476115
2,8,151.09773372565996,146.51348025208938,81.56216398113652
2,9,151.18425212327264,43.04032433864957,120.71141387764877
2,10,151.21215551755787,159.36871023594307,75.95177038033268
2,11,150.74128478389412,27.82351181658194,125.717308624889
2,12,149.88403055099087,178.95574425218155,70.73263515190621
2,13,150.44637402508488,9.364930837684511,134.0475256862272
2,14,148.00846293798205,205.78895674056736,58.26264039895941
2,15,148.27850593058895,15.213185430278813,144.79987602455267
2,16,147.7381786546236,235.23151212181963,45.88936516196675
2,17,147.98243851964253,46.06587868449452,157.60606360773954
2,18,148.6749351036088,270.0179866816824,33.19584368068708
2,19,150.1388277047585,95.12773918621241,175.57663343903928
2,20,151.2274484577453,315.12030661188095,14.143741276653799
2,21,151.34681933193326,149.54537317462842,198.13995328616852
2,22,150.17445404393155,382.49712485134796,10.7026394199832
2,23,149.46137310209022,219.26785605857003,223.97289426236802
