4,49,151.55224411091692,1933.311063842297,900.5305869122956
5,0,143.5152744255206,116.38514014105539,82.37068537781404
5,1,147.22351072734165,87.44135172613807,113.10196713618001
5,2,148.92272716177305,116.20942593086399,89.02326825864246
5,3,150.8348377100241,78.68523406573001,110.75576234939493
5,4,151.26805877449522,119.99181435228468,88.55987945311973
5,5,149.98148044552116,77.35453494529341,110.6708949865561
5,6,149.3298148813994,128.2349002441183,88.48654203639232
5,7,147.27575611354104,77.6701378022414,109.7700111939363
5,8,150.04475092903354,124.61972584347217,89.0199356613328
5,9,148.21452546433582,76.81790709343885,111.4852629958516
5,10,147.91918940494776,131.96404775884298,85.20004872314004
5,11,149.6806806134745,60.890295261431326,115.75940663079575
5,12,151.33745195055616,140.80615281830717,82.68512175082047
5,13,150.14131214093848,52.639790422538894,117.72793039378395
5,14,148.06604553351016,158.3867531198161,79.2563771547737
5,15,149.5562078442604,35.20875396930697,122.92288891958538
5,16,149.6425960209178,172.84918887966606,71.71363881624869
5,17,150.3338085887885,17.69691325242907,131.6507617455978
5,18,151.22226463421072,189.1391915882133,64.83139795813759
5,19,149.62504354972432,0.7165040507452858,138.97738089897734
5,20,150.15799269600032,209.98151009649257,55.67772303010158
5,21,150.10656057357994,24.130470113742803,147.47076234504152
5,22,151.7100670350657,233.33199861526356,45.24645468113742
5,23,151.8171815852309,59.90069054227928,161.62609940846056
5,24,150.98658442624063,275.76960218788423,30.44610686576567
5,25,149.99690422319458,100.91644702030342,177.85279160549723
5,26,150.93444058247783,324.7452173326021,11.040983776197208
5,27,151.21718304436902,157.7220878682137,200.88196726641746
5,28,150.34753219364805,387.26703107543693,15.13975064783628
5,29,149.4199552386099,223.50070293296983,229.89574129624305
5,30,151.19473084283996,461.25179192453015,45.83335816952683
5,31,150.53641299437345,312.42356841426385,263.1503763690462
5,32,149.80559177531143,566.1648466650246,84.97179060014679
5,33,150.31990594406548,430.0050488816355,306.19812276926007
5,34,149.54536897205767,699.7287860404484,136.21253342058748
5,35,150.17794798437347,580.4228673946834,365.3241376980467
5,36,150.23505569288295,870.593083994126,205.18704942536283
5,37,150.74004870876286,772.9639031614545,444.90372046635935
5,38,149.5864518447945,1087.035214940972,292.03112334269395
5,39,149.4015655244036,1016.3663004603632,541.3169705114542
5,40,149.70623620048332,1362.1069364211432,398.96222180790943
5,41,149.97397782160587,1327.1524131948267,663.317690623874
5,42,150.46591001993838,1712.0584982650407,536.9646108504323
5,43,151.2477105879248,1727.878122497485,818.7369563116841
5,44,150.55261625218336,2163.5159754081396,714.0773675614919
5,45,149.9242082977485,2235.9140174491813,1020.720498382138
5,46,151.01147169343915,2736.3474531851643,941.4484425160672
5,47,150.42465982663404,2884.64856909961,1279.6051563018777
5,48,150.35914090325272,3474.6461944893163,1234.5560400212078
5,49,149.37889788531174,3718.6658655091114,1607.283022055867
6,0,140.48900358681763,123.03370022296706,75.70794960308271
6,1,143.38470210894909,94.86008207373146,116.09253244912841
6,2,146.34444942390033,116.59624091863094,86.00155541976441
6,3,149.65711634689697,81.82276490517502,112.57884042682728
6,4,149.02524254077667,124.62974236294484,83.75515137243991
6,5,151.06251692865283,69.94829472203425,115.86618083141047
6,6,152.0828236668508,128.35964640017536,82.79859527297076
6,7,149.45065523845497,68.14547474781405,116.27792687452698
6,8,152.66661690683827,122.51806940267804,82.18255514357364
6,9,151.53656276925398,70.20102337368868,116.83868638054538
6,10,149.93534058855695,133.29893567513665,83.63087186384215
6,11,150.93628819977917,61.385032179799644,116.64395652311647
6,12,151.97436838370467,136.34641030243898,81.69733531689455
6,13,152.51581667072475,51.384704557467174,119.7610237272433
6,14,149.95112925666643,154.83922733598337,77.13132121843516
6,15,149.49124305452258,39.33944279245153,122.84321418988287
6,16,149.4677382026917,170.43865354486343,72.59393316773804
6,17,148.6169843749867,23.110294391418535,129.61684366286104
6,18,148.38673778867874,190.40852701750782,65.67191501149875
6,19,149.947987150097,3.889795977176732,139.0313660918735
6,20,147.85377926224314,223.650044190618,51.654641806254396
6,21,149.16135263741677,36.28737406501398,153.52113884197706
6,22,149.76517309033892,253.1635807670678,38.27424110861934
6,23,149.43825599775263,72.72214224030631,167.01787613018396
6,24,149.59877312776433,296.32987879515935,23.3479370116559
6,25,150.34723776820883,124.14828076213342,186.09228457135964
6,26,148.8984964179239,355.97222236819573,1.7054664434145934
6,27,149.71848829930485,190.08354325638982,210.20188229204507
6,28,150.10197355458678,427.2545190691596,25.788936585924517
6,29,151.32540541315123,274.6611677343984,243.05141195867793
6,30,149.9748342950051,521.7768021387938,64.27639454896016
6,31,150.55996886507,380.38365502384033,285.3909716948108
6,32,150.7969495615173,639.7381608554234,113.7230881084518
6,33,150.92782434256054,513.2557608458749,339.9120680784799
6,34,148.55945237174927,802.4430037860641,172.93208721748948
6,35,150.53057129269826,699.2182604404645,410.73051080676817
6,36,149.42639420850233,1002.4711908636241,252.5745271295159
6,37,150.72746490734107,925.3397610841814,499.9168954866507
6,38,152.2335883854091,1253.7286309168408,355.465060365751
6,39,150.05437054812367,1204.42966242158,613.7797968944553
6,40,150.3996286353723,1574.0565806939821,481.26202260286755
6,41,152.26677538410493,1572.721697241623,757.5622649481431
6,42,149.58249384490188,1992.4197014276724,646.6524935829447
6,43,151.24144632826983,2042.0304363387659,942.4556407031552
6,44,150.84642621566616,2523.4796799735377,856.3183379275081
6,45,150.71983086300662,2643.656072276032,1180.2172532822403
6,46,150.37714554523524,3200.341856855742,1124.2067795430273
6,47,149.7021080076587,3406.6995128748194,1482.6944746592737
6,48,149.99948873445334,4065.0196905394782,1466.3994888500447
6,49,150.4321073800502,4385.3481008337585,1871.0495333559816
7,0,141.90122514960123,121.0112178061788,78.12925538198195
7,1,147.1609324769552,85.28661290411647,116.38572527003016
7,2,149.56420553766893,118.60198990220036,84.12057568511996
7,3,149.00690663535605,80.86785851859587,111.35869257798207
7,4,149.8855816162871,121.7863940515326,86.638720640008
7,5,151.9704903529752,68.15138490610316,114.41757430539852
7,6,151.32359399748026,132.55913085832628,83.56420424614394
7,7,151.70469473530216,58.0825391244861,117.09430719411577
7,8,149.6577821084693,148.02343053689083,80.0593857656298
7,9,152.0245563861421,39.72962727337094,122.93111063417288
7,10,151.24513545959167,166.6224322476825,71.63294671469217
7,11,150.77722464906,23.011425891882,130.26787704094542
7,12,151.91565027959717,183.84719481801213,64.59617610253643
7,13,151.00965114247117,2.7577777085058983,139.9566713090838
7,14,150.53924457908525,207.8690989483973,51.86424603458801
7,15,150.00185188944928,24.425785809307058,150.83295182651145
7,16,149.36279104027662,242.94725003070243,42.01106593904426
7,17,148.23756167178075,56.01664518971819,164.56979066324374
7,18,150.9806952737756,274.48887869055994,27.45199936340623
7,19,153.17768009062604,108.7479968433617,182.42649128926698
7,20,150.76939617530408,332.04968538529084,7.497484587942154
7,21,149.5896593878467,162.55219836202224,202.67331316206003
7,22,149.90860860973646,398.72422794338604,16.26864763428084
7,23,150.21857428943915,237.76549242006035,232.52370189525368
7,24,149.6258495391964,483.34877054460975,52.910069217266624
2,24,148.48696623547468,466.11390877453425,41.9155247591309
2,25,149.36577619332502,310.9893045178989,261.59838497493274
2,26,148.34750789132633,569.882147639458,88.46701926317041
2,27,149.78158683742038,433.4626254884929,311.7555135466019
2,28,150.0422585560869,702.4488425800847,138.13937884376986
2,29,152.19111539784902,588.4195661485855,370.69772785722705
2,30,149.5749760454388,878.4997428003935,207.710224996384
2,31,147.8267205973703,773.8543890770337,445.6304633632054
2,32,149.77559909670396,1089.087385806913,291.2086919309679
2,33,150.95093569774815,1023.2366243658857,541.5532634042079
2,34,151.3375092340034,1364.4923489738826,400.57628260437514
2,35,150.53379616561548,1332.9225667196442,664.951821793312
2,36,149.90006172115565,1718.7985708712686,539.9253423658522
2,37,150.30566650969632,1732.1077816253219,823.117778765079
2,38,149.88401800258308,2172.8112908742537,717.8608625412871
2,39,149.3779244865429,2243.7315369418598,1026.5567968837981
2,40,149.42440597170295,2753.8926857826054,948.3245453615132
2,41,149.14434239802128,2897.942951328171,1284.6718195300534
2,42,146.23130756236142,3501.09133897845,1241.542765266808
2,43,149.65972743262333,3746.5525466075587,1616.6312376046212
2,44,151.45451303690805,4448.931646064793,1616.7368058423174
2,45,151.28890395202131,4825.501058816018,2043.0143584975776
2,46,150.5692942270549,5670.481173140205,2099.3616233294615
2,47,148.85208521106745,6200.740421798988,2587.7611099204746
2,48,147.72516099110442,7233.283728862687,2714.350616548677
2,49,148.1643457908271,7962.784300402504,3282.6263234681264
3,0,141.16978381934055,120.3729529500939,77.75839611948584
3,1,147.1525513438564,83.96899946736184,115.21277737411583
3,2,149.23744709202595,118.25846986321041,85.79489931872254
3,3,149.13961724670315,82.849065443591,109.69311887932841
3,4,149.87317541436875,118.02059464514022,89.34004999430977
3,5,150.2744348575834,75.70583408202025,110.63856113333057
3,6,150.0116603296983,125.1879711630738,88.42118543184516
3,7,149.95273031644479,69.08974606758945,111.59735817494374
3,8,150.26117722578147,134.9846893170444,86.31572176748762
3,9,151.6203213837827,52.023557227239905,115.05763719748253
3,10,150.41522429244205,154.4404284548982,80.37786177083312
3,11,151.34248545163874,33.949681340990395,123.13392930282158
3,12,149.33726920769402,175.72821705775522,71.4665037587358
3,13,151.45532476499307,9.186805436046242,130.6987249910706
3,14,149.09691654390414,207.8102501022782,61.14480135993733
3,15,149.73095493865435,22.31965658267407,144.99119410635797
3,16,150.2493712386598,232.9888483140382,47.44755592233582
3,17,149.0841285968119,51.67543358215258,158.90641663823695
3,18,150.78211714349337,266.8552093329639,32.81257529658407
3,19,148.89543788324144,88.20418611710261,173.37025498470032
3,20,148.84156029902158,316.701954571371,15.103166335758203
3,21,150.81102945115748,147.57671609680878,196.11468326911282
3,22,148.13708483284032,383.9640779775774,9.351641162317378
3,23,149.40451322645416,221.30220805825218,225.45739335321576
3,24,149.16755285770398,463.2901273522187,41.23792384607583
3,25,149.40176228567407,312.41705342227715,260.83098514469646
3,26,151.98470332385102,559.4661318575568,81.26529600521849
3,27,150.01137529427345,421.15997535502754,303.5845429174102
3,28,151.76234401230175,680.4853232423407,129.44455508347238
3,29,150.01588376214752,557.0758428886866,358.1847624935448
3,30,149.45253753351858,844.7755711092374,192.6788954037815
3,31,150.3123742175221,745.60372159145,430.20976860481977
3,32,148.82263607897227,1061.725657720769,275.80884441930016
3,33,147.2384060182735,979.3174669975169,522.28726829688
3,34,149.38935562060885,1321.670130761237,380.2045068077473
3,35,149.73165925343142,1284.3972955430074,644.1707555870513
3,36,151.9516798068098,1660.3368484192958,517.1363446460307
3,37,148.67658217555737,1659.2818275785962,796.3738595135368
3,38,150.58883680210474,2090.2655043311024,685.9781496294572
3,39,151.13421523491112,2154.2845799469665,987.5858436649476
3,40,151.32049403669507,2644.2181280198383,904.5582773920935
3,41,150.95835538282142,2781.0209143163715,1234.1983046879795
3,42,150.11242678364775,3356.62925710482,1184.4488532194998
3,43,149.19828093571053,3580.9045165716752,1550.932271027505
3,44,150.18117143488917,4262.359513730298,1542.6114856305055
3,45,150.1052498241848,4606.440364130751,1959.1395902429936
3,46,149.66609373527055,5425.173848399188,2001.927932625652
3,47,150.85639104721074,5926.696002032522,2475.666131311526
3,48,151.12820103742246,6914.0930525835865,2588.9003732480032
3,49,149.86893835376492,7607.925870245313,3140.518750983046
4,0,139.7403985266998,123.05820060852798,76.29703763286437
4,1,145.31786083163132,90.53705752421006,116.18500417444046
4,2,148.05659920070508,113.23083752404453,87.15529130045363
4,3,149.39553132246277,85.40304138365907,112.43104905144699
4,4,151.41665396875152,108.67231992885513,87.86935271468545
4,5,149.5160202918042,93.92826031533177,109.29651582238813
4,6,150.33699595755692,107.75513317895549,92.06679965703975
4,7,150.0766128013309,88.74185563004876,105.84448644860333
4,8,150.06542791655676,113.53866649847777,93.80460215400987
4,9,150.07328835084195,82.80466413728334,105.1253406667288
4,10,149.3193225085435,120.91245490119555,91.16424302478391
4,11,149.90628887990533,76.91058937540497,109.34633562336428
4,12,150.19654991766367,123.84377393744688,89.09863626355033
4,13,149.4342815027365,75.89937365744211,111.09801897512715
4,14,148.1058763352177,132.42217995110514,87.30751831688089
4,15,148.32705296844435,66.89891600149014,114.3459607108477
4,16,151.37141930018896,134.02627788966987,83.43192031711772
4,17,149.64496448360018,61.548123686896695,118.36991483757531
4,18,150.30066325658933,141.16454280303216,82.12415337515975
4,19,149.67299321919114,53.891852789424476,118.47516182172075
4,20,149.692765988299,151.3774116067935,77.23144092776633
4,21,148.18672293940944,46.304092219508505,124.09259301915921
4,22,148.92820533914428,164.35025008571745,72.72920508014084
4,23,150.767246421693,23.06281607732801,128.3722213720771
4,24,149.05121751662082,189.6153886075819,64.67011717551986
4,25,148.76898877286234,2.471571673505835,138.65690965376302
4,26,148.80649441648032,219.27604537555828,54.20010927922408
4,27,150.77491791403298,36.46820146022861,150.03315865630208
4,28,150.25814167945063,254.7677779194919,41.29301638108852
4,29,150.9231374027288,76.76416033778565,167.3955470572538
4,30,150.96990752600706,296.20739252344083,23.47246755937077
4,31,150.3266852449835,123.42170934067147,185.9230502495961
4,32,150.67759792660675,351.2776737287226,0.050118309745883494
4,33,150.82589449686236,185.3281659420228,213.12463413569483
4,34,148.8577065005676,425.5537361351642,30.2037610201088
4,35,149.37949173587978,265.63688568168936,246.3121666336809
4,36,150.1284849354065,512.9200885567259,64.19406722688564
4,37,150.81333947782255,374.3153064844179,284.1156066998726
4,38,152.14499612524315,629.0928544366368,107.6112508293406
4,39,150.55691748737,500.67748424045726,334.0191607919823
4,40,151.82080332659265,773.2266805717436,165.3926140999326
4,41,149.73394138679404,662.1528969263977,400.1142751584962
4,42,153.26911833394237,954.1980766856361,239.8371823623524
4,43,150.73764204429816,869.6806650654812,484.2291625324579
4,44,149.77442143118392,1197.6876300623812,335.85381751294375
4,45,149.07087469410718,1139.3154186928869,589.369907103545
4,46,149.84044084780763,1502.2948686343825,453.6658852135686
4,47,147.93578691846815,1481.6099752772693,724.4883661319952
4,48,148.95383715279527,1893.2560586161078,606.4249563560791
