2,23,1.0,150.83570556865917,125.16047415687184,127.70266459902834
2,24,0.0,148.18026847816841,133.8113810406667,128.6817374731079
2,25,1.0,149.73660557162626,132.323484943282,129.83715437727366
2,26,0.0,149.82413889954807,127.97591889150773,125.80549873347307
2,27,1.0,149.62383932934083,128.1039925323492,129.1482452730146
2,28,0.0,149.12677123293483,130.0703327263215,127.17505347671263
2,29,0.0,150.13146125574576,129.7127140095011,130.2381712053824
2,30,1.0,150.77901999732674,127.62350310366406,127.91662856713421
2,31,0.0,148.9121119455574,131.3458675762761,132.73272425524993
2,32,0.0,151.39268407383807,128.28041446248182,124.54992100072288
2,33,1.0,151.18227569123954,123.48566352782909,129.9676669757661
2,34,0.0,148.3524891275092,134.58008121770857,126.36649896015139
2,35,1.0,148.93423864514006,134.06413302952708,131.88021718040162
2,36,1.0,150.74135482079657,131.52011082137184,128.75046968368656
2,37,0.0,148.4961672272904,127.15402973024658,130.23648045440717
2,38,0.0,151.03203635293522,132.09127963289882,126.4559426848668
2,39,0.0,148.65210920229381,129.34182993367753,130.96893563143428
2,40,1.0,148.90212306028224,129.26615439385353,128.14689735821185
2,41,1.0,148.60906071571708,127.3352814462761,129.69580955342224
2,42,1.0,152.1821490360444,125.87101313449303,128.7276187326392
2,43,0.0,145.96087688216627,132.9553118520206,130.04147152502884
2,44,1.0,147.52316850307363,128.875357506718,128.8525559108535
2,45,0.0,152.04096027028925,131.8533341307202,125.88900041310609
2,46,0.0,147.65023821161083,128.47115474707192,129.71772366940593
2,47,0.0,149.94676499676953,129.88763860177983,131.8471529662264
2,48,1.0,149.56387243886795,128.71248514757949,128.1275135650523
2,49,1.0,150.15311849765678,128.79662306221107,131.12133339538917
3,0,0.0,162.99104833033627,149.65454330325363,127.30052682375663
3,1,0.0,134.93917620753288,116.38911265940177,128.37515723499536
3,2,1.0,141.591760032819,118.23700150420112,126.9642434236361
3,3,0.0,159.33924333789426,137.6777834732289,130.38007730692004
3,4,0.0,139.93915985263746,124.226730857286,126.67447677989092
3,5,0.0,159.51262103254894,133.9318818201392,131.98904231324462
3,6,1.0,156.03058305431333,131.1118340460643,125.7917497465452
3,7,1.0,152.2490557391052,129.68923232914477,131.00213908520507
3,8,1.0,151.30011097310916,127.38061343388202,126.5970773516505
3,9,1.0,150.8108414496729,126.7738044351232,127.69346587770266
3,10,0.0,148.41419762873758,130.78148499556931,131.71784310013084
3,11,0.0,151.1615216689564,129.06065063439024,124.64195936194795
3,12,0.0,148.23180608689967,132.47480432986114,129.1451278873536
3,13,0.0,151.3653469818424,126.62207041035687,126.73315334637643
3,14,0.0,148.3273096996812,131.72445123768603,132.85235583233785
3,15,1.0,149.1651713763869,130.81533963599495,127.75892392427664
3,16,0.0,150.11724651978716,130.71260204691242,129.5165864948701
3,17,1.0,150.76944236327842,128.4530377244504,130.09605805479427
3,18,0.0,147.61629000466226,131.62489413936956,127.1463178200029
3,19,1.0,147.55401511786292,132.46048844050534,129.34978611658545
3,20,1.0,148.29164254044514,132.24660119604522,127.60394991623774
3,21,0.0,151.46125534729597,129.487671661746,128.33843191340625
3,22,1.0,151.22169011496783,129.20376124118155,130.02346225278202
3,23,0.0,146.8448243030633,128.93997989866045,130.1510541504857
3,24,1.0,146.89798964981807,128.901807274848,128.00772967442694
3,25,1.0,147.77943696638619,128.45664648018476,129.01145553827945
3,26,1.0,148.3817635757764,126.8591457059128,129.54462801906885
3,27,0.0,152.69344511444487,131.39837987400148,124.76684146258722
3,28,1.0,151.6946912395635,130.82840935105753,132.0527363749111
3,29,1.0,151.4336717011946,131.61130470721727,128.44258434431472
3,30,1.0,150.89330999293244,130.18894865746282,128.96619957300527
3,31,0.0,148.4760994280028,130.08410227060625,128.84748814990195
3,32,1.0,148.55261722937672,127.9468769392907,129.99643236768785
3,33,0.0,151.3699553807099,132.09907721977365,125.97268419542448
3,34,1.0,150.7982735596413,131.3467856357332,128.14337782709885
3,35,0.0,148.9375718356918,128.33683825472264,130.30842491438244
3,36,0.0,150.8211125879585,131.94744293864932,129.2888598397474
3,37,0.0,148.6429214762184,129.00188725700858,129.27834371951568
3,38,1.0,150.27176079520603,128.73499592592987,128.26113315277445
3,39,0.0,149.2946600132892,131.4856132193932,129.27062866627315
3,40,1.0,149.8376078504616,128.18238442522735,128.69832909373093
3,41,1.0,149.73483443808067,128.75970374958433,128.80741935409952
3,42,1.0,150.46974258419968,127.9339872577749,128.43468646343038
3,43,1.0,150.44732315213486,126.46852089478827,129.38184381926445
3,44,0.0,149.89411567725938,132.73887686123757,127.37555125426134
3,45,0.0,147.95637154605043,127.52515422620125,130.67299947428347
3,46,0.0,152.01227326655825,132.12728968164112,128.0393319918891
3,47,1.0,151.84069145672396,130.62342489968015,128.04393463048635
3,48,1.0,151.12382936600468,128.55980616343393,127.4078492651048
3,49,1.0,151.3115567392597,127.42908285617223,130.1655274830906
4,0,0.0,163.57902750360796,152.38830729179557,123.19687598978709
4,1,1.0,157.71175588562338,146.381126310604,129.1943272842513
4,2,1.0,154.35547261968745,142.34823027792004,128.03902155491022
4,3,1.0,152.4653821500391,140.2643643715468,127.28329714394808
4,4,0.0,145.5449385071639,123.856513215596,130.10136048691456
4,5,0.0,155.13641134572632,134.4435030036041,130.37274583945543
4,6,1.0,152.51662893331917,133.83832021720963,126.11974270292622
4,7,1.0,151.24730048602106,132.7879847961498,129.8267405740102
4,8,0.0,148.20008545979996,126.65500421580585,127.92251848026099
4,9,1.0,150.07701576573848,126.2921423200136,128.6265023508677
4,10,0.0,149.55169446171064,131.55231135228502,129.92240504513578
4,11,1.0,150.3244374176138,128.02657123311423,128.66446828255303
4,12,1.0,150.87175174520718,128.03021808541715,127.50934292236127
4,13,1.0,150.21618850622835,129.4670902642778,130.45224979308395
4,14,0.0,148.7565931663585,130.59151000617686,128.4864664722384
4,15,1.0,149.43825039020675,129.63500783569745,128.59923618169873
4,16,1.0,149.77138007474474,129.4885661488742,127.76876986018982
4,17,0.0,148.86288329591153,128.8995348021566,126.89102696254653
4,18,0.0,151.20119248763464,130.21324895482806,131.85313105480736
4,19,1.0,150.90531230376297,128.11387215647258,126.41847529219557
4,20,0.0,148.8526806320392,129.40962706679406,127.86539439137734
4,21,1.0,149.03004744078365,127.45304452202569,129.64082549362982
4,22,0.0,151.10108358231443,131.9146891020017,128.21685424000688
4,23,0.0,148.22737976495895,128.2281559334357,131.13186414463956
4,24,1.0,149.48745652106564,127.91295900405943,127.98888644383291
4,25,0.0,150.87655975214716,131.42631020918614,128.71146651646592
4,26,1.0,151.149609147668,129.4476752606945,129.9761790234495
4,27,1.0,151.8467910460391,126.53539771093499,128.58282330936154
4,28,0.0,146.8558300757277,133.97155341793962,127.68997610936997
4,29,1.0,149.16949221759583,133.38540439422013,129.9252547278019
4,30,0.0,150.22187079551986,126.22572222136877,128.27197841708403
4,31,1.0,150.45375706665413,127.91694477350077,128.64199933392393
4,32,0.0,148.9629006288592,133.56359684084697,127.82425104737662
4,33,1.0,149.20168631187846,135.26800367072545,131.18680274113586
4,34,0.0,149.4049547909051,125.89756438575317,127.46486683076792
4,35,1.0,149.52222780351318,124.57832528821899,128.50695735853597
4,36,0.0,150.88522742753938,133.74158469411046,127.02508217544207
4,37,1.0,150.84539706224848,132.66268073641675,127.56851597075088
4,38,0.0,146.74820310407623,126.66261365101268,131.37055080246483
4,39,1.0,148.61051070108275,126.7288518648794,128.94747269525737
4,40,0.0,152.8808681273149,134.73586988621437,130.39841232723268
4,41,1.0,152.454083095539,133.45736458000897,127.73597652617329
4,42,0.0,146.66159561400028,128.92595238127032,130.49502745565468
4,43,1.0,149.06949882939435,127.53457199137885,130.1012859272807
4,44,0.0,150.9226061762223,131.16635976079763,127.09918027128893
4,45,0.0,147.30244153180405,127.58825623868287,129.93799349699165
4,46,1.0,148.24421082875844,126.5932004391158,126.72755821377119
4,47,1.0,148.52856983102572,123.44338833389565,131.64650809837065
4,48,1.0,149.055515995928,123.74571003251062,127.29793838503869
7,25,1.0,151.90338609214902,125.67161561306101,128.80733480638153
7,26,0.0,146.39570944581507,133.26775299557278,129.5006746389786
7,27,1.0,147.67107406126064,131.08012816340116,131.62041542740783
7,28,1.0,150.5480059996837,129.9057637960092,127.87005350808593
7,29,0.0,148.4051188093433,129.73631055442615,132.34099968461658
7,30,0.0,151.27941955606846,129.68749182020628,127.08160662131156
7,31,1.0,150.92778440221053,129.4549813393781,131.0009722767179
7,32,0.0,147.08900501892393,130.3712925718271,127.04620314014511
7,33,0.0,152.356172524967,131.27619293384538,132.09029982614396
7,34,0.0,145.84986255197268,126.36297456763573,126.75322076973958
7,35,0.0,152.52168576257725,131.12116913048493,130.0115266634615
7,36,1.0,150.9289111736776,130.14715295985383,127.80514871593793
7,37,1.0,150.08410420372886,128.89960962805435,127.56572270489988
7,38,0.0,147.43274836852945,129.92919798244498,129.4767394359867
7,39,0.0,151.04796779089097,129.45446619925954,127.31837907619905
7,40,1.0,150.26395572695125,127.80912493692844,130.17654739817385
7,41,1.0,150.85453119657248,127.37368713668171,125.54839584496625
7,42,0.0,147.83389572694026,129.46579184189693,131.18792539144047
7,43,1.0,148.40463020291222,128.3135655552252,127.7064569600395
7,44,1.0,148.89812415951644,126.22999354409464,129.19694662544194
7,45,0.0,150.52218539562114,133.90159523711222,129.98940703434974
7,46,1.0,151.01879819203387,132.17279332404019,130.1636079680432
7,47,0.0,148.4374069646842,127.03612953538031,128.26829321164206
7,48,1.0,149.21855501689447,124.21656461789897,129.7483530654425
7,49,0.0,151.366169052764,134.10529458232054,128.7427711509689
8,0,1.0,141.66429351895863,137.92012845713182,139.7766157611791
8,1,1.0,145.71826666935232,135.90112111585097,126.68582389158847
8,2,0.0,154.81621046407997,126.02809183433979,131.96061655634938
8,3,0.0,142.94675449668097,130.26399042495964,127.16465527217957
8,4,1.0,146.1345293942015,128.66151658856327,130.5342404689364
8,5,0.0,153.19652813005945,130.56709173287203,125.47552079282005
8,6,1.0,152.1836895766558,130.280257525189,127.67073652027086
8,7,0.0,145.40653891017212,129.847069077524,131.30518455802778
8,8,0.0,153.77522060076703,130.863619034174,126.59494262359226
8,9,1.0,153.94905054457013,128.43689352306632,127.48399987417966
8,10,0.0,145.3284793552132,129.91589250043967,132.1715567255541
8,11,1.0,149.36131014393348,126.12929940615827,128.05085484195848
8,12,1.0,149.57952721636556,127.15657767939955,129.8438306934795
8,13,1.0,150.89010301533636,126.86593950589858,128.03907213944893
8,14,0.0,149.8111102436089,131.9650860100451,128.75830774513284
8,15,1.0,151.30696627794504,130.92945521827986,130.23238160130623
8,16,0.0,147.86986332560318,128.83447584057865,128.65188782064666
8,17,1.0,150.30286302541174,126.83082251099435,126.71510938551661
8,18,0.0,150.23579184072,130.4062721818997,130.17207848816605
8,19,0.0,149.20878321408532,129.33867840634088,126.39713116957493
8,20,1.0,149.48777672791866,128.90813410501755,130.30560944133865
8,21,0.0,149.36228943010204,133.0643004447978,128.0976836245303
8,22,1.0,150.32474173972412,131.17847415260522,128.54198201659597
8,23,0.0,148.03949613436373,127.65239665166709,129.88933421621226
8,24,0.0,151.69559598388918,129.4562577817261,129.2768849432905
8,25,0.0,147.89193596094452,128.97923324573426,125.02531024784646
8,26,0.0,151.02530114903476,131.62123613422003,131.3324353578308
8,27,0.0,149.37357389272978,129.24542397161787,124.54445999357897
8,28,0.0,150.57831106065225,129.46721188298594,132.03264563214898
8,29,0.0,150.0760929180652,131.31114904152497,125.78105586514712
8,30,0.0,150.29870425861583,126.58767879434083,128.54423767375636
8,31,0.0,150.31951527456292,131.4989268428497,128.1290497131418
8,32,0.0,149.4763514436966,127.95147001329283,131.8168134083136
8,33,1.0,149.29819773068132,126.85368645689415,129.36725795385917
8,34,0.0,150.34113157325768,130.65097007956098,129.12585673333288
8,35,0.0,148.22747491218996,126.76291973274026,130.29690249449374
8,36,1.0,149.12462576273322,125.76401313823224,127.72170716164322
8,37,1.0,150.05415385752215,125.76330535567612,127.44393247383458
8,38,1.0,149.8264329382223,123.75908365297403,129.7714705386757
8,39,1.0,150.2765537434685,125.51609382629118,128.72311699205073
8,40,0.0,148.62751361233475,133.5891439343047,127.92337373730953
8,41,1.0,149.77934930042775,130.87224338191294,128.08179380534483
8,42,1.0,150.02689240032987,127.58826278922292,127.61818311722725
8,43,1.0,149.9744620639368,125.94439113085433,128.28376342170614
8,44,1.0,150.886674826756,125.71017007427153,129.28348929061588
8,45,1.0,150.85538361352172,125.5906222976964,127.96188666587827
8,46,0.0,148.96309358727623,132.58252946431907,131.1642532167806
8,47,1.0,147.628804063304,133.05991790559779,129.24487647307828
8,48,0.0,152.31987923243992,127.68139440161491,128.44003768821244
8,49,1.0,152.57539964868695,125.48382391131317,129.6002274863877
9,0,0.0,163.43597507660812,151.5631008625163,122.70627555489025
9,1,0.0,133.81629691902057,114.34289203824564,135.53197647521404
9,2,1.0,140.28491200396456,116.85896460650257,124.94499037525063
9,3,0.0,161.49730628370563,138.69907489584944,131.02963966528677
9,4,1.0,155.95780686598025,135.14507153171147,128.81693437097957
9,5,0.0,141.98633851516612,124.0850995915973,126.56620400145887
9,6,1.0,146.23888474588622,123.55806124847031,131.224381648812
9,7,0.0,153.11741323926637,135.18352379114248,127.93826387566929
9,8,1.0,150.6789025619441,134.21472776668563,128.37328882880078
9,9,1.0,151.14590921112452,131.96762015543064,128.12274214143108
9,10,0.0,146.54099544951626,128.15054756996867,132.14323232852252
9,11,1.0,148.23831376021707,127.03364405503044,128.68814808682185
9,12,0.0,149.35309314171707,132.2036826338232,128.6184601790416
9,13,0.0,149.9656820776001,127.32915583810372,130.58585791458378
9,14,0.0,151.6417518891046,129.92524696151023,129.4467130292036
9,15,1.0,150.07147160063295,128.5652370782818,129.0278977136428
9,16,0.0,149.80866862029706,131.38831994977463,130.4266042926891
9,17,1.0,149.4725776282264,128.6422286134118,128.98373420257218
9,18,0.0,149.9388141332418,132.8829321593283,127.40981933316942
9,19,1.0,150.8781553522932,131.6184813558296,129.3424158602095
9,20,0.0,148.8528314101101,127.52183534545456,126.1860489593305
9,21,1.0,149.14538509599586,127.77575124681533,129.77063723282185
9,22,1.0,150.18342029560606,128.25021761459783,129.43914924077794
9,23,0.0,150.23183659944263,130.59922449400662,125.81473101443828
9,24,0.0,148.52973841020628,127.86888055559338,132.07534017561977
9,25,1.0,149.6127842575107,127.76680377669624,126.54866181378159
9,26,0.0,148.50505762211495,131.25829891836494,129.8455792990044
9,27,0.0,148.917075646689,129.1245504479032,129.0408627043875
9,28,1.0,149.8795595713092,127.17374176369857,127.94007098225663
9,29,0.0,148.9808875260072,133.01921551252357,130.21157798414526
9,30,1.0,149.33396526439893,129.31129225792694,126.22471023390875
9,31,0.0,148.69445414564277,130.08713115325037,131.1048556922786
9,32,0.0,150.28090565820935,129.5864650100153,124.69159290724279
9,33,1.0,150.08994944494077,128.51877024207187,130.2287973486705
9,34,0.0,148.28869874865177,129.22031081684008,124.8695753013092
9,35,0.0,150.99789831228037,129.89075418280177,133.86182923340172
9,36,0.0,147.90189894974395,130.17579963736034,123.5241719680715
9,37,1.0,149.57212906978395,125.94584962750487,130.04187992828395
9,38,1.0,149.0526814889825,126.05965380574771,126.62324992895365
9,39,0.0,150.7604142343826,130.623309830664,130.02315157103232
9,40,1.0,149.7391248670765,129.11712748981762,128.46825169127078
9,41,1.0,149.51207389293012,126.66889177764384,129.35196682818497
9,42,1.0,150.16913964413519,125.04368255228174,129.52589055511504
9,43,1.0,149.3272141566203,124.86925243582172,128.31371810294996
9,44,0.0,150.58123054214298,134.55608273326087,128.02740611187798
9,45,1.0,151.865588228058,134.99791167589066,129.63591578158605
9,46,0.0,148.49070743362242,124.30948910307998,127.40407938230948
9,47,1.0,149.381205938808,126.03306261439161,128.22731195501117
9,48,1.0,148.95773466723716,124.78976104270276,130.25477080702132
9,49,0.0,150.69774976113277,133.43075197159592,127.54653925426169
