0,0,0.0,163.18629650745171,151.49362785937035,127.16988411999259
0,1,1.0,156.5292011191103,145.63041978620137,128.74244270380564
0,2,0.0,141.96842139351122,118.22240038190724,125.87204246836885
0,3,1.0,146.16279283731643,115.57636730040981,131.4497621274195
0,4,0.0,153.1845751282158,138.02727652337614,128.8817034861426
0,5,1.0,152.28859810908872,135.428273216618,128.75943520190907
0,6,1.0,152.38910663133592,132.9868617643469,129.98747186915887
0,7,0.0,148.02176150883648,130.37688604282613,129.8144635791121
0,8,1.0,149.13994961799574,128.22305038934988,130.06634342593742
0,9,0.0,151.0015353055529,130.91336762363952,126.62621464080735
0,10,1.0,151.09773663307698,128.07555855564252,132.3667406581536
0,11,1.0,150.04531233898504,127.1166992528731,126.18716362781461
0,12,0.0,149.6334094072857,131.1362961846542,132.3117710799582
0,13,1.0,150.68401499248733,127.31187813407972,126.75054045155794
0,14,1.0,150.10408969978607,124.65475917963951,128.32792372534306
0,15,1.0,149.2687415036779,123.23645990492759,129.2235039076119
0,16,1.0,150.5932267699652,123.6260136650354,127.3225912496636
0,17,0.0,148.9446839144128,135.15371449981475,130.00206296613365
0,18,0.0,151.7936215272792,126.9229509129158,124.20915321232141
0,19,1.0,150.8745967979034,125.95311388468699,132.0883066724828
0,20,0.0,149.4442100099339,133.64929504746357,124.38485815064385
0,21,0.0,149.4291249382855,127.1772728733309,130.30472233589146
0,22,1.0,149.99768431244993,124.42617106360586,128.96241726731748
0,23,0.0,149.0725604430273,133.6801128985906,131.40341813183397
0,24,1.0,148.57126939131658,130.37953006062858,129.03725208185529
0,25,1.0,150.2036054467348,129.57003140180512,130.32940842289997
0,26,1.0,150.88027556279712,127.207242120156,128.01074339981437
0,27,0.0,148.20515730078947,129.4778975425824,128.92601029002927
0,28,0.0,151.08874238146075,129.66740772116182,130.0505543072901
0,29,1.0,150.98163436870203,127.16734046296949,128.98676629855674
0,30,0.0,146.58949775085338,130.2962740790757,131.32340405262696
0,31,1.0,147.8498150750043,130.4485362615041,128.9366922646074
0,32,0.0,151.78780615413234,130.6545196748075,129.5273679933294
0,33,0.0,146.82973242900465,126.91447868512472,127.3365557772156
0,34,1.0,147.94547268389348,128.003179311489,129.59904124920064
0,35,0.0,153.00861542580665,130.1000354551362,128.9773823200406
0,36,0.0,145.35861657170616,127.77043340671888,125.64412274884039
0,37,1.0,146.50057200475487,128.37026687615767,130.40978736740323
0,38,0.0,152.5795588867811,131.77724837902412,126.08397826672409
0,39,1.0,151.82832245223892,130.61450502924208,128.4181984884126
0,40,1.0,150.01012226733187,130.09313886102234,128.27553179569676
0,41,0.0,148.75943096056275,131.78182381905145,132.1137836952169
0,42,1.0,150.09195250630324,129.220920683186,129.66652056232851
0,43,0.0,149.53087651383626,129.88567029478097,129.689846503383
0,44,1.0,150.04395821617632,130.33293516675323,129.40878525991673
0,45,0.0,148.67429347007044,129.0626091423843,126.01095464105386
0,46,1.0,149.0640234999704,127.19152527860491,131.27335972135057
0,47,0.0,148.95699605292285,131.17782420985284,125.91795039529302
0,48,1.0,149.14637856822256,128.4521148463716,129.8249445064556
0,49,1.0,149.63798718611557,127.21928247200577,129.46331507549516
1,0,0.0,164.6841244256898,153.0415305816239,122.38796806295099
1,1,0.0,133.48154779887807,114.28326492026385,133.14579833411966
1,2,1.0,140.64438237080537,116.79365178772302,125.91948732293811
1,3,0.0,159.04468324303033,140.6321751752376,128.39874013871935
1,4,0.0,139.04934433838633,121.14644662686489,132.13772478011182
1,5,0.0,161.38726002625953,136.7670180675611,126.14454000584244
1,6,1.0,156.84706511347756,135.84348575151247,127.95777182619707
1,7,1.0,153.87554214942233,133.0560078817568,128.5967850775537
1,8,0.0,145.61425005499612,126.40239531227775,132.43167116897672
1,9,0.0,153.54601807719166,131.80131162215125,128.92470071623168
1,10,1.0,152.29140757437983,128.20053474507543,128.2187510611507
1,11,1.0,151.45725905107008,126.69079708601004,129.90122502102665
1,12,0.0,147.71187041043618,130.76044060000345,126.774713234754
1,13,1.0,148.08860560087209,129.15457097245897,129.2638614201347
1,14,0.0,151.4106283223585,130.45749185641125,128.9603430456417
1,15,1.0,150.78760186672073,129.41949304026267,128.5955444392226
1,16,0.0,149.46754614977272,131.94146911876342,129.65654479521712
1,17,1.0,150.3150279235844,128.60003953066422,126.70429942848922
1,18,0.0,148.9663549398277,130.19563383908397,128.86676094245186
1,19,0.0,150.61687008371635,129.85023272199692,127.95475906947344
1,20,1.0,151.0945884999136,128.16983518948672,128.84225243699228
1,21,1.0,150.8916960807595,127.02439173731935,129.91752875739414
1,22,1.0,149.70859728078477,126.00020208642277,127.8548268440795
1,23,1.0,150.7695663067671,125.5309494326175,127.54222463067538
1,24,0.0,148.10546393735436,132.19925955918723,129.3336546235985
1,25,0.0,149.23504820706205,128.31586704129634,126.89543767389313
1,26,0.0,149.76056664197753,132.61464011800211,129.62598838602347
1,27,1.0,150.79605870888383,131.2305114851718,127.87786143870191
1,28,0.0,146.9053931421891,130.4579325352672,129.34972684542424
1,29,1.0,147.92435078019085,131.48017160742873,128.16204486646996
1,30,1.0,148.350518693688,132.6257576549703,130.3935479599033
1,31,0.0,150.46738463539947,127.20857585452677,126.48308638872295
1,32,1.0,151.0225282895185,126.50972987092905,129.62161084654582
1,33,0.0,148.33193921010252,132.03207553386693,129.96290521242022
1,34,1.0,148.55881346737107,130.8111535418738,127.07742220766248
1,35,0.0,151.77735981972512,129.48529980203153,131.68059663636302
1,36,1.0,150.93711880500157,128.56102045561184,128.95572047079864
1,37,0.0,147.60675109500386,130.77182288688044,129.1256372560993
1,38,0.0,152.03041062236233,130.15904523618295,130.41288540853677
1,39,1.0,151.56288753626902,128.9337674496114,127.7168706587465
1,40,0.0,147.92215458310787,131.1465900434784,130.72615658182576
1,41,1.0,148.0849906857271,128.80731656365472,127.98832235383549
1,42,0.0,152.12956227444568,129.61748590287957,130.51831849661232
1,43,1.0,150.71351536112817,130.32892281543263,127.70223414950868
1,44,0.0,148.9231983754855,131.38795301718775,132.25703980009715
1,45,1.0,149.71913768168292,130.09144640174685,128.90439086088256
1,46,0.0,148.55765582798466,129.83892876846446,128.3384447064136
1,47,1.0,150.59544968753787,127.08478993570301,128.44740766597528
1,48,1.0,150.52849661307746,128.833019076333,130.84044166406386
1,49,0.0,149.21358357311564,129.95610110030987,124.42049380304992
2,0,1.0,143.74860701673288,136.2922106180309,136.5071275997671
2,1,0.0,157.67992729583148,125.6457179781101,124.50972946941845
2,2,0.0,141.36954202361295,130.00493340861354,131.23094091848617
2,3,1.0,144.50988732856197,127.45259076598002,127.47177594670369
2,4,0.0,155.47877679509438,132.83138350115388,132.08427351429714
2,5,1.0,153.27380837074605,131.69124878427988,129.60244947523867
2,6,0.0,144.92540658834346,128.6647107359104,128.57492332906878
2,7,0.0,155.0882008789851,130.50899983020688,129.61864847077126
2,8,1.0,153.55384490025224,127.3250977849536,128.21415794861008
2,9,1.0,151.4520928632878,126.06011324727956,127.57568982022569
2,10,1.0,151.26544026998042,127.82401420785456,130.62205375391358
2,11,0.0,147.68940439402266,130.18852107978688,125.76148512331264
2,12,1.0,148.6952379237853,128.775058306633,129.02601735849328
2,13,0.0,149.44311522906537,131.72890125292014,126.43543995043802
2,14,0.0,151.19624599473542,128.50620199538133,131.3491748391657
2,15,0.0,149.31258449568472,131.105256944294,127.53755132285393
2,16,0.0,150.50258734595113,128.84609995544236,131.64694551045812
2,17,1.0,149.79432810975382,129.53352827992933,127.18095532634075
2,18,0.0,149.17865528064016,129.73468620275605,130.28074327157813
2,19,1.0,150.10732223370135,130.26276806730058,129.67303308257362
2,20,0.0,151.4738223801237,128.8921140299173,127.95173958952725
2,21,1.0,150.00184595937506,127.94026452130117,129.18087080427998
2,22,1.0,149.3997178599621,127.52373169326081,130.7630241383191
4,49,0.0,150.36599339159568,135.30069462656164,127.93350891874337
5,0,1.0,147.96360666358467,127.09364646234609,120.19845364272501
5,1,0.0,151.03536714031495,133.28868908998456,137.19866663394427
5,2,1.0,151.1562604958879,130.08796732899478,124.92740834335773
5,3,0.0,148.08545439358963,130.1906199042774,131.96331777868033
5,4,0.0,152.81995496407873,129.90244115632842,125.09327464417046
5,5,0.0,147.6301185292638,130.87891618919218,131.89521218381208
5,6,1.0,147.60025797086993,129.58475176215813,127.93584847781075
5,7,1.0,148.00866349985478,125.88865624127357,129.64432429954596
5,8,1.0,149.70497809163805,125.5762578339613,128.54857361434844
5,9,0.0,150.86090611672984,133.3354142888237,128.13614391818874
5,10,0.0,148.85401864469102,127.9737904163748,129.52096092295298
5,11,1.0,150.20104376804366,128.72377710120523,127.68343599092319
5,12,1.0,151.4713306114714,129.31811693982473,128.12850842374695
5,13,0.0,149.19696136254612,131.7013261750582,127.99462289016594
5,14,0.0,150.9821551087753,127.99902865454953,132.04949712548998
5,15,0.0,151.06796570928114,132.07558644118663,125.21303017032821
5,16,0.0,147.84916456535538,129.8784943062117,132.75331214603509
5,17,1.0,148.46681602423712,128.99532034572707,128.12264237395638
5,18,1.0,148.5483006784833,127.03777946876693,128.04474756078088
5,19,1.0,149.4837473894912,127.95329399710303,129.00429834371783
5,20,1.0,149.67037548236465,126.37266013094633,128.82338401010466
5,21,0.0,149.40461111848043,131.75889117353714,128.43270808152224
5,22,1.0,149.977540539284,130.48842460320975,130.37417305452675
5,23,0.0,149.25193241493105,128.73099398497575,126.94712700187719
5,24,0.0,151.81692943788332,129.24483751927525,127.62930877846101
5,25,1.0,151.14119903789765,125.12852157558305,129.8344633065114
5,26,0.0,148.806690510348,133.9485632028673,128.73252413062343
5,27,0.0,149.79439235603482,125.8106764110624,127.8995493582319
5,28,0.0,149.5240461332141,132.2994457633967,131.4468570304263
5,29,0.0,149.37684928545363,128.9057519267797,126.45244089507419
5,30,1.0,149.86061006481805,128.47765331195043,129.04527612683592
5,31,1.0,151.01396981018647,127.78090234247156,127.56662774994993
5,32,0.0,148.06957068447036,131.54353126773952,131.93500746146503
5,33,0.0,152.77725283739613,129.30318442693792,125.8948369504909
5,34,1.0,153.02247521953456,129.37078929856963,130.10771172748548
5,35,0.0,146.07534389762796,128.49993545345149,126.70328696400483
5,36,1.0,147.53842899064662,127.92168785327404,130.8275907681994
5,37,1.0,148.2141059586143,127.89596422688892,131.57418764151654
5,38,0.0,152.4602859618719,130.6806445561831,130.99321922761962
5,39,1.0,150.82889466223443,127.5238920948952,127.67070432722389
5,40,1.0,150.32641296896966,127.00302174473127,129.10419636576432
5,41,0.0,148.9754383494498,133.48208994592815,127.7495712521176
5,42,0.0,148.27639782296248,125.80348875553487,129.66700241150338
5,43,0.0,150.40165710146167,133.31206197619557,125.67598098204797
5,44,0.0,148.91896255591067,127.5302408488767,133.00350671730592
5,45,1.0,149.6191062183434,129.0775405750328,127.32692978167708
5,46,1.0,149.78614566712943,130.6430791211965,126.98217080742602
5,47,0.0,148.8359315422185,128.41178308620832,131.64050216441382
5,48,0.0,150.3609007246722,130.7782949577933,124.01230853308364
5,49,0.0,150.2161677862054,130.6941205108078,132.38942135878634
6,0,1.0,136.4609421606866,145.5862498994571,148.42710610020697
6,1,0.0,164.855334140058,118.02737997400739,113.36301300563423
6,2,1.0,159.09101961857576,119.87952605404095,135.34200891602376
6,3,1.0,154.87969319965725,117.4732035149276,127.81301255317607
6,4,1.0,153.4724231609784,120.49996453118808,130.83693027653138
6,5,0.0,144.47072706894318,135.9285200584878,127.50045528577711
6,6,1.0,147.05407157229212,130.89846858113017,129.53231597380136
6,7,1.0,149.6467423463295,128.54147808201287,128.78367728372632
6,8,1.0,150.54002307448295,129.25787470803633,129.09915556614968
6,9,0.0,150.02941823271652,129.97310570769554,130.54145908527806
6,10,1.0,150.45775422247246,128.11843586101895,130.43296576405066
6,11,0.0,150.21740215371597,131.50786483498274,125.2339994329849
6,12,0.0,150.16065061830668,128.78459500454568,130.71037155286592
6,13,0.0,148.58590241887327,131.50977875641578,127.81923635162903
6,14,0.0,151.89998023799828,127.19760747597125,129.60795611195485
6,15,1.0,150.1937757575939,128.11154903271137,128.69298348523603
6,16,0.0,149.53316783870295,131.08273101975854,127.19654688854234
6,17,0.0,149.74609782083513,128.73336590831826,130.4530257132908
6,18,1.0,150.1797637030508,128.4566269551902,129.43523859013015
6,19,0.0,148.65340954374835,129.51879140711634,127.97828374311537
6,20,1.0,149.6591860500225,125.12685037622711,128.41920418467674
6,21,1.0,150.3818329885953,126.7259979726611,130.1529815701013
6,22,1.0,150.16988427564445,126.06710967898626,127.47599394052327
6,23,1.0,150.69231470476376,125.04937791423443,128.4163678722584
6,24,1.0,149.94293146356083,124.11859092554106,129.70971937556652
6,25,0.0,151.2144671691949,131.97869219507106,133.2602596490467
6,26,1.0,151.19154804818336,128.769570263487,128.55888046113407
6,27,0.0,146.1068270009136,132.2460159800623,130.01298499076944
6,28,0.0,152.86883728363506,129.9579684451343,128.83443948132336
6,29,0.0,144.93197078103165,130.91065042173904,127.96103162341373
6,30,1.0,147.98362619511136,129.79571711182817,129.95236720745484
6,31,0.0,152.5925834915833,128.44173968230228,127.47797210787903
6,32,0.0,147.82990206786022,131.32996470352373,125.0101826387604
6,33,1.0,149.18930034520508,128.60701169560187,130.52292619116136
6,34,0.0,149.00356915861337,131.83874737494955,125.20103502225655
6,35,0.0,150.37020275680013,127.80808828220836,130.67885439653568
6,36,0.0,149.43386192516675,131.47378143836514,125.58247552290106
6,37,0.0,149.9955381426839,127.7046842197995,131.63677067584703
6,38,0.0,149.94693730512586,132.7837372120706,124.87893096308721
6,39,0.0,149.106443141925,127.38344303774366,129.72821226654108
6,40,0.0,151.0848152279806,131.66628099682242,128.75557485899873
6,41,0.0,147.98862789532484,129.08302358569725,129.43703365886577
6,42,0.0,151.18017610013732,128.2873396015283,128.9386385725955
6,43,0.0,147.71417756824968,132.36965299801645,128.25196494434462
6,44,1.0,147.92378943635592,129.47981182409958,129.9240123603695
6,45,0.0,151.88084877245257,130.10407265906318,127.34812328749229
6,46,1.0,150.9892951962001,126.72177655433036,130.43123803730137
6,47,1.0,150.74130947923564,125.54910496855238,127.99491110764423
6,48,1.0,149.4874243622882,125.38286128992236,127.9558532682537
6,49,0.0,151.49496272916866,134.25826942414224,132.84346054179602
7,0,1.0,145.49987967343523,134.28041090747726,132.27673634260591
7,1,1.0,148.83682076311402,131.28853003199853,126.77170319281785
7,2,0.0,149.68007763106593,129.70689701559104,131.23070979546935
7,3,1.0,149.86589215232533,128.19592125357192,129.1915534049573
7,4,1.0,150.51959026234138,126.97051914238723,129.17844756514006
7,5,0.0,149.14761773720036,132.47452568361646,128.57656812741016
7,6,0.0,150.3659983281872,128.35783212302638,127.44407561412235
7,7,0.0,147.77037466879466,131.04513118212432,132.60197925844776
7,8,1.0,149.1652087816386,129.14421782548783,127.9830781748252
7,9,1.0,149.7011440208719,126.4787064921725,129.32535104655102
7,10,1.0,148.47561475555864,127.54717340701102,128.8811972049653
7,11,0.0,150.5373685599552,132.48516912504726,130.6821145783484
7,12,1.0,149.94809738374255,130.4891208333588,128.315598644725
7,13,1.0,150.10561427583428,125.59090622178,128.7610182345845
7,14,1.0,149.7216723091207,123.96250152180274,130.620247130034
7,15,0.0,149.6763227250358,134.76775095280843,129.23302346909804
7,16,1.0,150.03820001001003,132.61932208772186,130.6049710772873
7,17,0.0,148.25888547543073,127.71864280747229,130.87740523882732
7,18,0.0,151.8410572970611,130.71764494223225,125.78446247590142
7,19,0.0,148.011843014383,128.8984856159653,130.0200184795543
7,20,1.0,149.12003356885876,129.44490755471944,129.24225110364372
7,21,1.0,149.00384959427993,126.51551631574571,128.15391894882742
7,22,0.0,150.23294219988972,134.80689730602364,130.1378530505906
7,23,1.0,149.00824590713927,131.3533585218357,128.80006355672577
7,24,0.0,150.8887919132764,128.70378194386254,128.5729362009611
