0,0,143.92421717988663,116.30975283239708,80.03960608298398
0,1,148.12003295065702,86.34474193480595,114.3075437979809
0,2,148.25787698693304,118.8989264356197,85.63670479993654
0,3,149.01366215715746,81.778054883034,113.84994842757267
0,4,146.18034248401645,133.47492088412247,82.52091779171394
0,5,146.05470050903693,72.23648761747835,116.42665727874154
0,6,148.571601453521,135.83301548695906,82.49324514035028
0,7,149.36425007476925,60.21223845292503,119.79625772919914
0,8,151.9158880891937,139.21971210984128,82.0679870834025
0,9,152.48153441887808,49.97171738403195,119.72432145430258
0,10,153.72002843832334,143.36710556174143,78.70532646241925
0,11,151.05646132148053,47.3543600273929,123.19469253907057
0,12,150.22415539916247,158.2744676442254,72.66587518599982
0,13,150.68471959813527,30.326825226521294,131.16371627337753
0,14,150.27389315215547,175.13365115846182,65.67296458114292
0,15,150.4359594956868,13.840909835404432,136.4391165221501
0,16,152.3931891417998,189.79890955457728,58.08188047216616
0,17,150.22772106000463,1.6113373604500225,143.5181327418942
0,18,148.76523130704774,216.58421711425495,50.51751007068367
0,19,150.82957381957507,36.82034861563102,154.45729222244807
0,20,151.03532663705076,251.94721720624258,38.28742181650585
0,21,149.01886179468593,67.8482804050804,169.99312779122897
0,22,150.69668713244067,287.1585140681981,21.1214434457668
0,23,151.8304486540254,116.15533291523832,185.18956010019772
0,24,150.87639441728226,342.4237214068445,2.640670757795732
0,25,152.0795614626672,181.8967023096751,209.91952687415937
0,26,151.77819122010402,411.18463077800516,25.235357678654324
0,27,149.85580488181014,252.4133361172848,238.53582366162792
0,28,151.142897628353,494.5377540358402,57.61420916970803
0,29,151.27766280818432,350.8988718783019,279.250727906819
0,30,152.0076117736592,601.855196986581,103.01042032313649
0,31,152.7481172663361,475.4201410736367,328.8767759984175
0,32,151.74007255759614,747.0002826131301,157.42293404300193
0,33,152.41513061377535,640.4745151631188,390.1561868348746
0,34,150.26346706294828,934.9468484766396,231.86135365261953
0,35,150.01112066311745,841.7992016206022,473.67257596805007
0,36,148.9118257232398,1168.5983857029012,323.5518178194901
0,37,149.59023113855594,1108.5916220846884,578.4750951956643
0,38,150.41685027561806,1465.3971517069094,441.45135163105385
0,39,151.4557179428447,1447.9924961447823,711.9853214417968
0,40,150.45094446064738,1847.3381738085648,592.6825034564744
0,41,150.35590001318633,1877.709190924248,881.9250439803523
0,42,147.7789904434937,2342.4073383497607,784.261304778606
0,43,147.3299318301418,2426.789634265572,1098.4309863252774
0,44,147.8647886110847,2964.8909869920335,1031.6070276727064
0,45,147.88414751918555,3134.070356288635,1377.715436019015
0,46,147.27540451574632,3764.38072237571,1346.7837367060085
0,47,149.72867000954696,4043.442219402623,1735.6291319297793
0,48,149.20530717763697,4787.743024893693,1750.7971079302988
0,49,149.30885717766347,5198.300385878197,2192.201872757815
1,0,141.97326590644457,120.40630629553371,78.46788332898032
1,1,145.33109097124634,90.67149295649267,113.85953992832434
1,2,148.71337995560404,113.05081839940334,86.74049331357959
1,3,150.30422098196175,82.46181974083785,111.25498360672076
1,4,151.0619680665736,113.9248613179773,88.4102480271361
1,5,149.04258491624324,88.73092410179274,107.18541236003702
1,6,148.74117817122303,115.27215692955944,92.78497404731102
1,7,150.21424819389145,81.32206303031431,105.69545852313088
1,8,151.09539799406727,117.22822701561503,94.09036336570209
1,9,152.09053435754498,73.52218044553747,107.12747367354132
1,10,151.079308083432,129.4643813703007,89.38604344966313
1,11,149.9241108078787,63.94004917568846,113.0121367184417
1,12,148.76062001095684,144.4996153320673,83.17422912601488
1,13,148.29216823034616,53.37586677429926,120.07942008781615
1,14,149.6288866994047,152.52909492941325,76.34428591425802
1,15,150.08337587799943,39.662930498027166,125.24986265628641
1,16,149.5462071131265,169.93766363608256,70.30986485459043
1,17,149.5718939600783,20.8450018681515,131.78606059039018
1,18,148.8523013337276,191.57500467268193,61.50502029176595
1,19,149.4225101033181,2.92632466978489,141.13028306141837
1,20,147.55546944462196,222.5904651933226,52.08755861731456
1,21,148.7795585485628,36.98853795507438,155.80550858614214
1,22,150.47475840786637,254.5444872685904,37.64411638160677
1,23,150.97531859633705,80.65052843771275,168.0166063967268
1,24,151.73715666775934,294.5170780618938,22.30930605015422
1,25,150.22156188775963,121.16975709561927,186.35872319240633
1,26,149.93912143311812,348.6108647053897,2.0092107358444764
1,27,151.0632281465435,185.6368767546902,211.70566921153582
1,28,149.51849292845242,421.0131621989213,26.07477117538069
1,29,150.59491874862908,265.86090700846734,240.67024322998438
1,30,149.98451225272635,512.7553578799045,62.859314283239996
1,31,150.09529437410072,369.2190995024274,282.05927916532454
1,32,150.26251776873707,627.9442381640383,108.6297945739081
1,33,150.067871006733,495.89953572965317,334.1630321122615
1,34,150.48738284533334,770.7352345727237,167.02349490430856
1,35,148.02157984554714,653.4103005275333,399.75687695939615
1,36,150.98070176760058,948.4245097552266,238.59185411246528
1,37,150.70005759023016,859.8221015150791,479.9660355662042
1,38,151.05865436851852,1181.6491797612023,328.8340415841541
1,39,152.13812141883628,1131.4827934433033,583.6509100588428
1,40,150.30177816361092,1490.5067808397835,448.5651856325767
1,41,151.28711809236162,1477.6538586762495,719.8917284481661
1,42,153.0253768516981,1874.8670730953654,602.0275754901584
1,43,152.86069181375197,1915.623763248769,892.8130491313163
1,44,152.28847270613892,2370.0349865434478,796.4346193897438
1,45,149.62067315384274,2467.0458118764054,1113.9920087394282
1,46,150.94223295852882,3001.744897261386,1049.3154869685154
1,47,150.6397119759752,3185.1093375516284,1398.3401825903577
1,48,148.22749872591916,3820.8113010297484,1367.8611785841904
1,49,151.16011916134693,4113.1996545605325,1759.9313104491494
2,0,142.30031808238496,115.91325226498243,82.18661564980005
2,1,146.8492992743081,92.92531064859982,113.28316506553315
2,2,149.04368651212516,112.1186368498306,86.39374352399624
2,3,149.81533626129092,83.80102224375936,109.20508156777456
2,4,148.30515568643318,122.74613681218331,88.09914491136634
2,5,148.79554336244507,73.18805161972972,113.37179100723142
2,6,149.92536112959246,132.31492078086504,85.454828603328
2,7,152.0858353085857,56.27790787903125,114.80463256476115
2,8,151.09773372565996,146.51348025208938,81.56216398113652
2,9,151.18425212327264,43.04032433864957,120.71141387764877
2,10,151.21215551755787,159.36871023594307,75.95177038033268
2,11,150.74128478389412,27.82351181658194,125.717308624889
2,12,149.88403055099087,178.95574425218155,70.73263515190621
2,13,150.44637402508488,9.364930837684511,134.0475256862272
2,14,148.00846293798205,205.78895674056736,58.26264039895941
2,15,148.27850593058895,15.213185430278813,144.79987602455267
2,16,147.7381786546236,235.23151212181963,45.88936516196675
2,17,147.98243851964253,46.06587868449452,157.60606360773954
2,18,148.6749351036088,270.0179866816824,33.19584368068708
2,19,150.1388277047585,95.12773918621241,175.57663343903928
2,20,151.2274484577453,315.12030661188095,14.143741276653799
2,21,151.34681933193326,149.54537317462842,198.13995328616852
2,22,150.17445404393155,382.49712485134796,10.7026394199832
2,23,149.46137310209022,219.26785605857003,223.97289426236802
4,49,151.55224411091692,1933.311063842297,900.5305869122956
5,0,143.5152744255206,116.38514014105539,82.37068537781404
5,1,147.22351072734165,87.44135172613807,113.10196713618001
5,2,148.92272716177305,116.20942593086399,89.02326825864246
5,3,150.8348377100241,78.68523406573001,110.75576234939493
5,4,151.26805877449522,119.99181435228468,88.55987945311973
5,5,149.98148044552116,77.35453494529341,110.6708949865561
5,6,149.3298148813994,128.2349002441183,88.48654203639232
5,7,147.27575611354104,77.6701378022414,109.7700111939363
5,8,150.04475092903354,124.61972584347217,89.0199356613328
5,9,148.21452546433582,76.81790709343885,111.4852629958516
5,10,147.91918940494776,131.96404775884298,85.20004872314004
5,11,149.6806806134745,60.890295261431326,115.75940663079575
5,12,151.33745195055616,140.80615281830717,82.68512175082047
5,13,150.14131214093848,52.639790422538894,117.72793039378395
5,14,148.06604553351016,158.3867531198161,79.2563771547737
5,15,149.5562078442604,35.20875396930697,122.92288891958538
5,16,149.6425960209178,172.84918887966606,71.71363881624869
5,17,150.3338085887885,17.69691325242907,131.6507617455978
5,18,151.22226463421072,189.1391915882133,64.83139795813759
5,19,149.62504354972432,0.7165040507452858,138.97738089897734
5,20,150.15799269600032,209.98151009649257,55.67772303010158
5,21,150.10656057357994,24.130470113742803,147.47076234504152
5,22,151.7100670350657,233.33199861526356,45.24645468113742
5,23,151.8171815852309,59.90069054227928,161.62609940846056
5,24,150.98658442624063,275.76960218788423,30.44610686576567
5,25,149.99690422319458,100.91644702030342,177.85279160549723
5,26,150.93444058247783,324.7452173326021,11.040983776197208
5,27,151.21718304436902,157.7220878682137,200.88196726641746
5,28,150.34753219364805,387.26703107543693,15.13975064783628
5,29,149.4199552386099,223.50070293296983,229.89574129624305
5,30,151.19473084283996,461.25179192453015,45.83335816952683
5,31,150.53641299437345,312.42356841426385,263.1503763690462
5,32,149.80559177531143,566.1648466650246,84.97179060014679
5,33,150.31990594406548,430.0050488816355,306.19812276926007
5,34,149.54536897205767,699.7287860404484,136.21253342058748
5,35,150.17794798437347,580.4228673946834,365.3241376980467
5,36,150.23505569288295,870.593083994126,205.18704942536283
5,37,150.74004870876286,772.9639031614545,444.90372046635935
5,38,149.5864518447945,1087.035214940972,292.03112334269395
5,39,149.4015655244036,1016.3663004603632,541.3169705114542
5,40,149.70623620048332,1362.1069364211432,398.96222180790943
5,41,149.97397782160587,1327.1524131948267,663.317690623874
5,42,150.46591001993838,1712.0584982650407,536.9646108504323
5,43,151.2477105879248,1727.878122497485,818.7369563116841
5,44,150.55261625218336,2163.5159754081396,714.0773675614919
5,45,149.9242082977485,2235.9140174491813,1020.720498382138
5,46,151.01147169343915,2736.3474531851643,941.4484425160672
5,47,150.42465982663404,2884.64856909961,1279.6051563018777
5,48,150.35914090325272,3474.6461944893163,1234.5560400212078
5,49,149.37889788531174,3718.6658655091114,1607.283022055867
6,0,140.48900358681763,123.03370022296706,75.70794960308271
6,1,143.38470210894909,94.86008207373146,116.09253244912841
6,2,146.34444942390033,116.59624091863094,86.00155541976441
6,3,149.65711634689697,81.82276490517502,112.57884042682728
6,4,149.02524254077667,124.62974236294484,83.75515137243991
6,5,151.06251692865283,69.94829472203425,115.86618083141047
6,6,152.0828236668508,128.35964640017536,82.79859527297076
6,7,149.45065523845497,68.14547474781405,116.27792687452698
6,8,152.66661690683827,122.51806940267804,82.18255514357364
6,9,151.53656276925398,70.20102337368868,116.83868638054538
6,10,149.93534058855695,133.29893567513665,83.63087186384215
6,11,150.93628819977917,61.385032179799644,116.64395652311647
6,12,151.97436838370467,136.34641030243898,81.69733531689455
6,13,152.51581667072475,51.384704557467174,119.7610237272433
6,14,149.95112925666643,154.83922733598337,77.13132121843516
6,15,149.49124305452258,39.33944279245153,122.84321418988287
6,16,149.4677382026917,170.43865354486343,72.59393316773804
6,17,148.6169843749867,23.110294391418535,129.61684366286104
6,18,148.38673778867874,190.40852701750782,65.67191501149875
6,19,149.947987150097,3.889795977176732,139.0313660918735
6,20,147.85377926224314,223.650044190618,51.654641806254396
6,21,149.16135263741677,36.28737406501398,153.52113884197706
6,22,149.76517309033892,253.1635807670678,38.27424110861934
6,23,149.43825599775263,72.72214224030631,167.01787613018396
6,24,149.59877312776433,296.32987879515935,23.3479370116559
6,25,150.34723776820883,124.14828076213342,186.09228457135964
6,26,148.8984964179239,355.97222236819573,1.7054664434145934
6,27,149.71848829930485,190.08354325638982,210.20188229204507
6,28,150.10197355458678,427.2545190691596,25.788936585924517
6,29,151.32540541315123,274.6611677343984,243.05141195867793
6,30,149.9748342950051,521.7768021387938,64.27639454896016
6,31,150.55996886507,380.38365502384033,285.3909716948108
6,32,150.7969495615173,639.7381608554234,113.7230881084518
6,33,150.92782434256054,513.2557608458749,339.9120680784799
6,34,148.55945237174927,802.4430037860641,172.93208721748948
6,35,150.53057129269826,699.2182604404645,410.73051080676817
6,36,149.42639420850233,1002.4711908636241,252.5745271295159
6,37,150.72746490734107,925.3397610841814,499.9168954866507
6,38,152.2335883854091,1253.7286309168408,355.465060365751
6,39,150.05437054812367,1204.42966242158,613.7797968944553
6,40,150.3996286353723,1574.0565806939821,481.26202260286755
6,41,152.26677538410493,1572.721697241623,757.5622649481431
6,42,149.58249384490188,1992.4197014276724,646.6524935829447
6,43,151.24144632826983,2042.0304363387659,942.4556407031552
6,44,150.84642621566616,2523.4796799735377,856.3183379275081
6,45,150.71983086300662,2643.656072276032,1180.2172532822403
6,46,150.37714554523524,3200.341856855742,1124.2067795430273
6,47,149.7021080076587,3406.6995128748194,1482.6944746592737
6,48,149.99948873445334,4065.0196905394782,1466.3994888500447
6,49,150.4321073800502,4385.3481008337585,1871.0495333559816
7,0,141.90122514960123,121.0112178061788,78.12925538198195
7,1,147.1609324769552,85.28661290411647,116.38572527003016
7,2,149.56420553766893,118.60198990220036,84.12057568511996
7,3,149.00690663535605,80.86785851859587,111.35869257798207
7,4,149.8855816162871,121.7863940515326,86.638720640008
7,5,151.9704903529752,68.15138490610316,114.41757430539852
7,6,151.32359399748026,132.55913085832628,83.56420424614394
7,7,151.70469473530216,58.0825391244861,117.09430719411577
7,8,149.6577821084693,148.02343053689083,80.0593857656298
7,9,152.0245563861421,39.72962727337094,122.93111063417288
7,10,151.24513545959167,166.6224322476825,71.63294671469217
7,11,150.77722464906,23.011425891882,130.26787704094542
7,12,151.91565027959717,183.84719481801213,64.59617610253643
7,13,151.00965114247117,2.7577777085058983,139.9566713090838
7,14,150.53924457908525,207.8690989483973,51.86424603458801
7,15,150.00185188944928,24.425785809307058,150.83295182651145
7,16,149.36279104027662,242.94725003070243,42.01106593904426
7,17,148.23756167178075,56.01664518971819,164.56979066324374
7,18,150.9806952737756,274.48887869055994,27.45199936340623
7,19,153.17768009062604,108.7479968433617,182.42649128926698
7,20,150.76939617530408,332.04968538529084,7.497484587942154
7,21,149.5896593878467,162.55219836202224,202.67331316206003
7,22,149.90860860973646,398.72422794338604,16.26864763428084
7,23,150.21857428943915,237.76549242006035,232.52370189525368
7,24,149.6258495391964,483.34877054460975,52.910069217266624
