4,49,0.0,150.36599339159568,155.30069462656164,147.93350891874337
5,0,1.0,147.96360666358467,147.0936464623461,140.198453642725
5,1,0.0,151.03536714031495,153.28868908998456,157.19866663394427
5,2,1.0,151.1562604958879,150.08796732899478,144.92740834335774
5,3,0.0,148.08545439358963,150.1906199042774,151.96331777868033
5,4,0.0,152.81995496407873,149.90244115632842,145.09327464417046
5,5,0.0,147.6301185292638,150.87891618919218,151.89521218381208
5,6,1.0,147.60025797086993,149.58475176215813,147.93584847781074
5,7,1.0,148.00866349985478,145.88865624127357,149.64432429954596
5,8,1.0,149.70497809163805,145.57625783396128,148.54857361434844
5,9,0.0,150.86090611672984,153.3354142888237,148.13614391818874
5,10,0.0,148.85401864469102,147.97379041637478,149.52096092295298
5,11,1.0,150.20104376804366,148.72377710120523,147.6834359909232
5,12,1.0,151.4713306114714,149.31811693982473,148.12850842374695
5,13,0.0,149.19696136254612,151.7013261750582,147.99462289016594
5,14,0.0,150.9821551087753,147.99902865454953,152.04949712548998
5,15,0.0,151.06796570928114,152.07558644118663,145.2130301703282
5,16,0.0,147.84916456535538,149.8784943062117,152.75331214603509
5,17,1.0,148.46681602423712,148.99532034572707,148.12264237395638
5,18,1.0,148.5483006784833,147.03777946876693,148.04474756078088
5,19,1.0,149.4837473894912,147.95329399710303,149.00429834371783
5,20,1.0,149.67037548236465,146.37266013094634,148.82338401010466
5,21,0.0,149.40461111848043,151.75889117353714,148.43270808152224
5,22,1.0,149.977540539284,150.48842460320975,150.37417305452675
5,23,0.0,149.25193241493105,148.73099398497575,146.9471270018772
5,24,0.0,151.81692943788332,149.24483751927525,147.629308778461
5,25,1.0,151.14119903789765,145.12852157558305,149.8344633065114
5,26,0.0,148.806690510348,153.9485632028673,148.73252413062343
5,27,0.0,149.79439235603482,145.81067641106242,147.8995493582319
5,28,0.0,149.5240461332141,152.2994457633967,151.4468570304263
5,29,0.0,149.37684928545363,148.9057519267797,146.45244089507418
5,30,1.0,149.86061006481805,148.47765331195043,149.04527612683592
5,31,1.0,151.01396981018647,147.78090234247156,147.56662774994993
5,32,0.0,148.06957068447036,151.54353126773952,151.93500746146503
5,33,0.0,152.77725283739613,149.30318442693792,145.8948369504909
5,34,1.0,153.02247521953456,149.37078929856963,150.10771172748548
5,35,0.0,146.07534389762796,148.49993545345149,146.70328696400483
5,36,1.0,147.53842899064662,147.92168785327402,150.8275907681994
5,37,1.0,148.2141059586143,147.89596422688894,151.57418764151654
5,38,0.0,152.4602859618719,150.6806445561831,150.99321922761962
5,39,1.0,150.82889466223443,147.5238920948952,147.6707043272239
5,40,1.0,150.32641296896966,147.00302174473126,149.10419636576432
5,41,0.0,148.9754383494498,153.48208994592815,147.74957125211762
5,42,0.0,148.27639782296248,145.8034887555349,149.66700241150338
5,43,0.0,150.40165710146167,153.31206197619557,145.67598098204797
5,44,0.0,148.91896255591067,147.5302408488767,153.00350671730592
5,45,1.0,149.6191062183434,149.0775405750328,147.32692978167708
5,46,1.0,149.78614566712943,150.6430791211965,146.98217080742603
5,47,0.0,148.8359315422185,148.41178308620832,151.64050216441382
5,48,0.0,150.3609007246722,150.7782949577933,144.01230853308363
5,49,0.0,150.2161677862054,150.6941205108078,152.38942135878634
6,0,1.0,136.4609421606866,165.5862498994571,168.42710610020697
6,1,0.0,164.855334140058,138.02737997400737,133.36301300563423
6,2,1.0,159.09101961857576,139.87952605404095,155.34200891602376
6,3,1.0,154.87969319965725,137.4732035149276,147.81301255317607
6,4,1.0,153.4724231609784,140.49996453118808,150.83693027653138
6,5,0.0,144.47072706894318,155.9285200584878,147.50045528577712
6,6,1.0,147.05407157229212,150.89846858113017,149.53231597380136
6,7,1.0,149.6467423463295,148.54147808201287,148.78367728372632
6,8,1.0,150.54002307448295,149.25787470803633,149.09915556614968
6,9,0.0,150.02941823271652,149.97310570769554,150.54145908527806
6,10,1.0,150.45775422247246,148.11843586101895,150.43296576405066
6,11,0.0,150.21740215371597,151.50786483498274,145.23399943298492
6,12,0.0,150.16065061830668,148.78459500454568,150.71037155286592
6,13,0.0,148.58590241887327,151.50977875641578,147.81923635162903
6,14,0.0,151.89998023799828,147.19760747597124,149.60795611195485
6,15,1.0,150.1937757575939,148.11154903271137,148.69298348523603
6,16,0.0,149.53316783870295,151.08273101975854,147.19654688854234
6,17,0.0,149.74609782083513,148.73336590831826,150.4530257132908
6,18,1.0,150.1797637030508,148.4566269551902,149.43523859013015
6,19,0.0,148.65340954374835,149.51879140711634,147.97828374311536
6,20,1.0,149.6591860500225,145.1268503762271,148.41920418467674
6,21,1.0,150.3818329885953,146.7259979726611,150.1529815701013
6,22,1.0,150.16988427564445,146.06710967898624,147.47599394052327
6,23,1.0,150.69231470476376,145.0493779142344,148.4163678722584
6,24,1.0,149.94293146356083,144.11859092554104,149.70971937556652
6,25,0.0,151.2144671691949,151.97869219507106,153.2602596490467
6,26,1.0,151.19154804818336,148.769570263487,148.55888046113407
6,27,0.0,146.1068270009136,152.2460159800623,150.01298499076944
6,28,0.0,152.86883728363506,149.9579684451343,148.83443948132336
6,29,0.0,144.93197078103165,150.91065042173904,147.96103162341373
6,30,1.0,147.98362619511136,149.79571711182817,149.95236720745484
6,31,0.0,152.5925834915833,148.44173968230228,147.47797210787903
6,32,0.0,147.82990206786022,151.32996470352373,145.0101826387604
6,33,1.0,149.18930034520508,148.60701169560187,150.52292619116136
6,34,0.0,149.00356915861337,151.83874737494955,145.20103502225655
6,35,0.0,150.37020275680013,147.80808828220836,150.67885439653568
6,36,0.0,149.43386192516675,151.47378143836514,145.58247552290106
6,37,0.0,149.9955381426839,147.7046842197995,151.63677067584703
6,38,0.0,149.94693730512586,152.7837372120706,144.8789309630872
6,39,0.0,149.106443141925,147.38344303774366,149.72821226654108
6,40,0.0,151.0848152279806,151.66628099682242,148.75557485899873
6,41,0.0,147.98862789532484,149.08302358569725,149.43703365886577
6,42,0.0,151.18017610013732,148.2873396015283,148.9386385725955
6,43,0.0,147.71417756824968,152.36965299801645,148.25196494434462
6,44,1.0,147.92378943635592,149.47981182409958,149.9240123603695
6,45,0.0,151.88084877245257,150.10407265906318,147.34812328749229
6,46,1.0,150.9892951962001,146.72177655433038,150.43123803730137
6,47,1.0,150.74130947923564,145.5491049685524,147.99491110764424
6,48,1.0,149.4874243622882,145.38286128992235,147.9558532682537
6,49,0.0,151.49496272916866,154.25826942414224,152.84346054179602
7,0,1.0,145.49987967343523,154.28041090747726,152.27673634260591
7,1,1.0,148.83682076311402,151.28853003199853,146.77170319281785
7,2,0.0,149.68007763106593,149.70689701559104,151.23070979546935
7,3,1.0,149.86589215232533,148.19592125357192,149.1915534049573
7,4,1.0,150.51959026234138,146.97051914238725,149.17844756514006
7,5,0.0,149.14761773720036,152.47452568361646,148.57656812741016
7,6,0.0,150.3659983281872,148.35783212302638,147.44407561412234
7,7,0.0,147.77037466879466,151.04513118212432,152.60197925844776
7,8,1.0,149.1652087816386,149.14421782548783,147.98307817482518
7,9,1.0,149.7011440208719,146.4787064921725,149.32535104655102
7,10,1.0,148.47561475555864,147.547173407011,148.8811972049653
7,11,0.0,150.5373685599552,152.48516912504726,150.6821145783484
7,12,1.0,149.94809738374255,150.4891208333588,148.315598644725
7,13,1.0,150.10561427583428,145.59090622178,148.7610182345845
7,14,1.0,149.7216723091207,143.96250152180272,150.620247130034
7,15,0.0,149.6763227250358,154.76775095280843,149.23302346909804
7,16,1.0,150.03820001001003,152.61932208772186,150.6049710772873
7,17,0.0,148.25888547543073,147.7186428074723,150.87740523882732
7,18,0.0,151.8410572970611,150.71764494223225,145.78446247590142
7,19,0.0,148.011843014383,148.8984856159653,150.0200184795543
7,20,1.0,149.12003356885876,149.44490755471944,149.24225110364372
7,21,1.0,149.00384959427993,146.5155163157457,148.15391894882742
7,22,0.0,150.23294219988972,154.80689730602364,150.1378530505906
7,23,1.0,149.00824590713927,151.3533585218357,148.80006355672577
7,24,0.0,150.8887919132764,148.70378194386254,148.5729362009611
