2,23,1.0,150.83570556865917,145.16047415687186,147.70266459902834
2,24,0.0,148.18026847816841,153.8113810406667,148.6817374731079
2,25,1.0,149.73660557162626,152.323484943282,149.83715437727366
2,26,0.0,149.82413889954807,147.97591889150775,145.8054987334731
2,27,1.0,149.62383932934083,148.1039925323492,149.1482452730146
2,28,0.0,149.12677123293483,150.0703327263215,147.17505347671263
2,29,0.0,150.13146125574576,149.7127140095011,150.2381712053824
2,30,1.0,150.77901999732674,147.62350310366406,147.9166285671342
2,31,0.0,148.9121119455574,151.3458675762761,152.73272425524993
2,32,0.0,151.39268407383807,148.28041446248182,144.54992100072286
2,33,1.0,151.18227569123954,143.4856635278291,149.9676669757661
2,34,0.0,148.3524891275092,154.58008121770857,146.3664989601514
2,35,1.0,148.93423864514006,154.06413302952708,151.88021718040162
2,36,1.0,150.74135482079657,151.52011082137184,148.75046968368656
2,37,0.0,148.4961672272904,147.15402973024658,150.23648045440717
2,38,0.0,151.03203635293522,152.09127963289882,146.4559426848668
2,39,0.0,148.65210920229381,149.34182993367753,150.96893563143428
2,40,1.0,148.90212306028224,149.26615439385353,148.14689735821185
2,41,1.0,148.60906071571708,147.3352814462761,149.69580955342224
2,42,1.0,152.1821490360444,145.87101313449304,148.7276187326392
2,43,0.0,145.96087688216627,152.9553118520206,150.04147152502884
2,44,1.0,147.52316850307363,148.875357506718,148.8525559108535
2,45,0.0,152.04096027028925,151.8533341307202,145.8890004131061
2,46,0.0,147.65023821161083,148.47115474707192,149.71772366940593
2,47,0.0,149.94676499676953,149.88763860177983,151.8471529662264
2,48,1.0,149.56387243886795,148.71248514757949,148.1275135650523
2,49,1.0,150.15311849765678,148.79662306221107,151.12133339538917
3,0,0.0,162.99104833033627,169.65454330325363,147.30052682375663
3,1,0.0,134.93917620753288,136.38911265940177,148.37515723499536
3,2,1.0,141.591760032819,138.23700150420112,146.9642434236361
3,3,0.0,159.33924333789426,157.6777834732289,150.38007730692004
3,4,0.0,139.93915985263746,144.226730857286,146.67447677989094
3,5,0.0,159.51262103254894,153.9318818201392,151.98904231324462
3,6,1.0,156.03058305431333,151.1118340460643,145.7917497465452
3,7,1.0,152.2490557391052,149.68923232914477,151.00213908520507
3,8,1.0,151.30011097310916,147.38061343388202,146.59707735165048
3,9,1.0,150.8108414496729,146.7738044351232,147.69346587770266
3,10,0.0,148.41419762873758,150.78148499556931,151.71784310013084
3,11,0.0,151.1615216689564,149.06065063439024,144.64195936194795
3,12,0.0,148.23180608689967,152.47480432986114,149.1451278873536
3,13,0.0,151.3653469818424,146.62207041035686,146.7331533463764
3,14,0.0,148.3273096996812,151.72445123768603,152.85235583233785
3,15,1.0,149.1651713763869,150.81533963599495,147.75892392427664
3,16,0.0,150.11724651978716,150.71260204691242,149.5165864948701
3,17,1.0,150.76944236327842,148.4530377244504,150.09605805479427
3,18,0.0,147.61629000466226,151.62489413936956,147.1463178200029
3,19,1.0,147.55401511786292,152.46048844050534,149.34978611658545
3,20,1.0,148.29164254044514,152.24660119604522,147.60394991623772
3,21,0.0,151.46125534729597,149.487671661746,148.33843191340625
3,22,1.0,151.22169011496783,149.20376124118155,150.02346225278202
3,23,0.0,146.8448243030633,148.93997989866045,150.1510541504857
3,24,1.0,146.89798964981807,148.901807274848,148.00772967442694
3,25,1.0,147.77943696638619,148.45664648018476,149.01145553827945
3,26,1.0,148.3817635757764,146.8591457059128,149.54462801906885
3,27,0.0,152.69344511444487,151.39837987400148,144.76684146258722
3,28,1.0,151.6946912395635,150.82840935105753,152.0527363749111
3,29,1.0,151.4336717011946,151.61130470721727,148.44258434431472
3,30,1.0,150.89330999293244,150.18894865746282,148.96619957300527
3,31,0.0,148.4760994280028,150.08410227060625,148.84748814990195
3,32,1.0,148.55261722937672,147.94687693929072,149.99643236768785
3,33,0.0,151.3699553807099,152.09907721977365,145.97268419542448
3,34,1.0,150.7982735596413,151.3467856357332,148.14337782709885
3,35,0.0,148.9375718356918,148.33683825472264,150.30842491438244
3,36,0.0,150.8211125879585,151.94744293864932,149.2888598397474
3,37,0.0,148.6429214762184,149.00188725700858,149.27834371951568
3,38,1.0,150.27176079520603,148.73499592592987,148.26113315277445
3,39,0.0,149.2946600132892,151.4856132193932,149.27062866627315
3,40,1.0,149.8376078504616,148.18238442522735,148.69832909373093
3,41,1.0,149.73483443808067,148.75970374958433,148.80741935409952
3,42,1.0,150.46974258419968,147.9339872577749,148.43468646343038
3,43,1.0,150.44732315213486,146.46852089478827,149.38184381926445
3,44,0.0,149.89411567725938,152.73887686123757,147.37555125426132
3,45,0.0,147.95637154605043,147.52515422620124,150.67299947428347
3,46,0.0,152.01227326655825,152.12728968164112,148.0393319918891
3,47,1.0,151.84069145672396,150.62342489968015,148.04393463048635
3,48,1.0,151.12382936600468,148.55980616343393,147.4078492651048
3,49,1.0,151.3115567392597,147.42908285617222,150.1655274830906
4,0,0.0,163.57902750360796,172.38830729179557,143.1968759897871
4,1,1.0,157.71175588562338,166.381126310604,149.1943272842513
4,2,1.0,154.35547261968745,162.34823027792004,148.03902155491022
4,3,1.0,152.4653821500391,160.2643643715468,147.2832971439481
4,4,0.0,145.5449385071639,143.856513215596,150.10136048691456
4,5,0.0,155.13641134572632,154.4435030036041,150.37274583945543
4,6,1.0,152.51662893331917,153.83832021720963,146.11974270292623
4,7,1.0,151.24730048602106,152.7879847961498,149.8267405740102
4,8,0.0,148.20008545979996,146.65500421580583,147.922518480261
4,9,1.0,150.07701576573848,146.2921423200136,148.6265023508677
4,10,0.0,149.55169446171064,151.55231135228502,149.92240504513578
4,11,1.0,150.3244374176138,148.02657123311423,148.66446828255303
4,12,1.0,150.87175174520718,148.03021808541715,147.50934292236127
4,13,1.0,150.21618850622835,149.4670902642778,150.45224979308395
4,14,0.0,148.7565931663585,150.59151000617686,148.4864664722384
4,15,1.0,149.43825039020675,149.63500783569745,148.59923618169873
4,16,1.0,149.77138007474474,149.4885661488742,147.76876986018982
4,17,0.0,148.86288329591153,148.8995348021566,146.89102696254653
4,18,0.0,151.20119248763464,150.21324895482806,151.85313105480736
4,19,1.0,150.90531230376297,148.11387215647258,146.41847529219558
4,20,0.0,148.8526806320392,149.40962706679406,147.86539439137735
4,21,1.0,149.03004744078365,147.4530445220257,149.64082549362982
4,22,0.0,151.10108358231443,151.9146891020017,148.21685424000688
4,23,0.0,148.22737976495895,148.2281559334357,151.13186414463956
4,24,1.0,149.48745652106564,147.91295900405942,147.9888864438329
4,25,0.0,150.87655975214716,151.42631020918614,148.71146651646592
4,26,1.0,151.149609147668,149.4476752606945,149.9761790234495
4,27,1.0,151.8467910460391,146.535397710935,148.58282330936154
4,28,0.0,146.8558300757277,153.97155341793962,147.68997610936998
4,29,1.0,149.16949221759583,153.38540439422013,149.9252547278019
4,30,0.0,150.22187079551986,146.22572222136876,148.27197841708403
4,31,1.0,150.45375706665413,147.91694477350077,148.64199933392393
4,32,0.0,148.9629006288592,153.56359684084697,147.82425104737663
4,33,1.0,149.20168631187846,155.26800367072545,151.18680274113586
4,34,0.0,149.4049547909051,145.89756438575318,147.46486683076793
4,35,1.0,149.52222780351318,144.578325288219,148.50695735853597
4,36,0.0,150.88522742753938,153.74158469411046,147.02508217544207
4,37,1.0,150.84539706224848,152.66268073641675,147.56851597075087
4,38,0.0,146.74820310407623,146.6626136510127,151.37055080246483
4,39,1.0,148.61051070108275,146.7288518648794,148.94747269525737
4,40,0.0,152.8808681273149,154.73586988621437,150.39841232723268
4,41,1.0,152.454083095539,153.45736458000897,147.7359765261733
4,42,0.0,146.66159561400028,148.92595238127032,150.49502745565468
4,43,1.0,149.06949882939435,147.53457199137887,150.1012859272807
4,44,0.0,150.9226061762223,151.16635976079763,147.09918027128893
4,45,0.0,147.30244153180405,147.58825623868287,149.93799349699165
4,46,1.0,148.24421082875844,146.5932004391158,146.7275582137712
4,47,1.0,148.52856983102572,143.44338833389565,151.64650809837065
4,48,1.0,149.055515995928,143.74571003251063,147.2979383850387
