7,25,1.0,151.90338609214902,145.67161561306102,148.80733480638153
7,26,0.0,146.39570944581507,153.26775299557278,149.5006746389786
7,27,1.0,147.67107406126064,151.08012816340116,151.62041542740783
7,28,1.0,150.5480059996837,149.9057637960092,147.87005350808593
7,29,0.0,148.4051188093433,149.73631055442615,152.34099968461658
7,30,0.0,151.27941955606846,149.68749182020628,147.08160662131155
7,31,1.0,150.92778440221053,149.4549813393781,151.0009722767179
7,32,0.0,147.08900501892393,150.3712925718271,147.0462031401451
7,33,0.0,152.356172524967,151.27619293384538,152.09029982614396
7,34,0.0,145.84986255197268,146.36297456763575,146.75322076973958
7,35,0.0,152.52168576257725,151.12116913048493,150.0115266634615
7,36,1.0,150.9289111736776,150.14715295985383,147.80514871593795
7,37,1.0,150.08410420372886,148.89960962805435,147.56572270489988
7,38,0.0,147.43274836852945,149.92919798244498,149.4767394359867
7,39,0.0,151.04796779089097,149.45446619925954,147.31837907619905
7,40,1.0,150.26395572695125,147.80912493692844,150.17654739817385
7,41,1.0,150.85453119657248,147.37368713668172,145.54839584496625
7,42,0.0,147.83389572694026,149.46579184189693,151.18792539144047
7,43,1.0,148.40463020291222,148.3135655552252,147.7064569600395
7,44,1.0,148.89812415951644,146.22999354409464,149.19694662544194
7,45,0.0,150.52218539562114,153.90159523711222,149.98940703434974
7,46,1.0,151.01879819203387,152.17279332404019,150.1636079680432
7,47,0.0,148.4374069646842,147.03612953538033,148.26829321164206
7,48,1.0,149.21855501689447,144.21656461789897,149.7483530654425
7,49,0.0,151.366169052764,154.10529458232054,148.7427711509689
8,0,1.0,141.66429351895863,157.92012845713182,159.7766157611791
8,1,1.0,145.71826666935232,155.90112111585097,146.68582389158846
8,2,0.0,154.81621046407997,146.0280918343398,151.96061655634938
8,3,0.0,142.94675449668097,150.26399042495964,147.16465527217957
8,4,1.0,146.1345293942015,148.66151658856327,150.5342404689364
8,5,0.0,153.19652813005945,150.56709173287203,145.47552079282005
8,6,1.0,152.1836895766558,150.280257525189,147.67073652027088
8,7,0.0,145.40653891017212,149.847069077524,151.30518455802778
8,8,0.0,153.77522060076703,150.863619034174,146.59494262359226
8,9,1.0,153.94905054457013,148.43689352306632,147.48399987417966
8,10,0.0,145.3284793552132,149.91589250043967,152.1715567255541
8,11,1.0,149.36131014393348,146.12929940615828,148.05085484195848
8,12,1.0,149.57952721636556,147.15657767939956,149.8438306934795
8,13,1.0,150.89010301533636,146.86593950589858,148.03907213944893
8,14,0.0,149.8111102436089,151.9650860100451,148.75830774513284
8,15,1.0,151.30696627794504,150.92945521827986,150.23238160130623
8,16,0.0,147.86986332560318,148.83447584057865,148.65188782064666
8,17,1.0,150.30286302541174,146.83082251099435,146.71510938551663
8,18,0.0,150.23579184072,150.4062721818997,150.17207848816605
8,19,0.0,149.20878321408532,149.33867840634088,146.39713116957495
8,20,1.0,149.48777672791866,148.90813410501755,150.30560944133865
8,21,0.0,149.36228943010204,153.0643004447978,148.0976836245303
8,22,1.0,150.32474173972412,151.17847415260522,148.54198201659597
8,23,0.0,148.03949613436373,147.6523966516671,149.88933421621226
8,24,0.0,151.69559598388918,149.4562577817261,149.2768849432905
8,25,0.0,147.89193596094452,148.97923324573426,145.02531024784648
8,26,0.0,151.02530114903476,151.62123613422003,151.3324353578308
8,27,0.0,149.37357389272978,149.24542397161787,144.54445999357895
8,28,0.0,150.57831106065225,149.46721188298594,152.03264563214898
8,29,0.0,150.0760929180652,151.31114904152497,145.78105586514712
8,30,0.0,150.29870425861583,146.58767879434083,148.54423767375636
8,31,0.0,150.31951527456292,151.4989268428497,148.1290497131418
8,32,0.0,149.4763514436966,147.95147001329283,151.8168134083136
8,33,1.0,149.29819773068132,146.85368645689414,149.36725795385917
8,34,0.0,150.34113157325768,150.65097007956098,149.12585673333288
8,35,0.0,148.22747491218996,146.76291973274024,150.29690249449374
8,36,1.0,149.12462576273322,145.76401313823223,147.72170716164322
8,37,1.0,150.05415385752215,145.76330535567612,147.44393247383456
8,38,1.0,149.8264329382223,143.75908365297403,149.7714705386757
8,39,1.0,150.2765537434685,145.51609382629118,148.72311699205073
8,40,0.0,148.62751361233475,153.5891439343047,147.92337373730953
8,41,1.0,149.77934930042775,150.87224338191294,148.08179380534483
8,42,1.0,150.02689240032987,147.58826278922294,147.61818311722723
8,43,1.0,149.9744620639368,145.9443911308543,148.28376342170614
8,44,1.0,150.886674826756,145.71017007427153,149.28348929061588
8,45,1.0,150.85538361352172,145.5906222976964,147.96188666587827
8,46,0.0,148.96309358727623,152.58252946431907,151.1642532167806
8,47,1.0,147.628804063304,153.05991790559779,149.24487647307828
8,48,0.0,152.31987923243992,147.6813944016149,148.44003768821244
8,49,1.0,152.57539964868695,145.48382391131318,149.6002274863877
9,0,0.0,163.43597507660812,171.5631008625163,142.70627555489025
9,1,0.0,133.81629691902057,134.34289203824562,155.53197647521404
9,2,1.0,140.28491200396456,136.85896460650255,144.94499037525063
9,3,0.0,161.49730628370563,158.69907489584944,151.02963966528677
9,4,1.0,155.95780686598025,155.14507153171147,148.81693437097957
9,5,0.0,141.98633851516612,144.0850995915973,146.56620400145886
9,6,1.0,146.23888474588622,143.5580612484703,151.224381648812
9,7,0.0,153.11741323926637,155.18352379114248,147.9382638756693
9,8,1.0,150.6789025619441,154.21472776668563,148.37328882880078
9,9,1.0,151.14590921112452,151.96762015543064,148.12274214143108
9,10,0.0,146.54099544951626,148.15054756996867,152.14323232852252
9,11,1.0,148.23831376021707,147.03364405503044,148.68814808682185
9,12,0.0,149.35309314171707,152.2036826338232,148.6184601790416
9,13,0.0,149.9656820776001,147.32915583810373,150.58585791458378
9,14,0.0,151.6417518891046,149.92524696151023,149.4467130292036
9,15,1.0,150.07147160063295,148.5652370782818,149.0278977136428
9,16,0.0,149.80866862029706,151.38831994977463,150.4266042926891
9,17,1.0,149.4725776282264,148.6422286134118,148.98373420257218
9,18,0.0,149.9388141332418,152.8829321593283,147.40981933316942
9,19,1.0,150.8781553522932,151.6184813558296,149.3424158602095
9,20,0.0,148.8528314101101,147.52183534545458,146.18604895933052
9,21,1.0,149.14538509599586,147.77575124681533,149.77063723282185
9,22,1.0,150.18342029560606,148.25021761459783,149.43914924077794
9,23,0.0,150.23183659944263,150.59922449400662,145.81473101443828
9,24,0.0,148.52973841020628,147.8688805555934,152.07534017561977
9,25,1.0,149.6127842575107,147.76680377669624,146.5486618137816
9,26,0.0,148.50505762211495,151.25829891836494,149.8455792990044
9,27,0.0,148.917075646689,149.1245504479032,149.0408627043875
9,28,1.0,149.8795595713092,147.17374176369856,147.94007098225663
9,29,0.0,148.9808875260072,153.01921551252357,150.21157798414526
9,30,1.0,149.33396526439893,149.31129225792694,146.22471023390875
9,31,0.0,148.69445414564277,150.08713115325037,151.1048556922786
9,32,0.0,150.28090565820935,149.5864650100153,144.6915929072428
9,33,1.0,150.08994944494077,148.51877024207187,150.2287973486705
9,34,0.0,148.28869874865177,149.22031081684008,144.8695753013092
9,35,0.0,150.99789831228037,149.89075418280177,153.86182923340172
9,36,0.0,147.90189894974395,150.17579963736034,143.5241719680715
9,37,1.0,149.57212906978395,145.94584962750486,150.04187992828395
9,38,1.0,149.0526814889825,146.0596538057477,146.62324992895364
9,39,0.0,150.7604142343826,150.623309830664,150.02315157103232
9,40,1.0,149.7391248670765,149.11712748981762,148.46825169127078
9,41,1.0,149.51207389293012,146.66889177764384,149.35196682818497
9,42,1.0,150.16913964413519,145.04368255228172,149.52589055511504
9,43,1.0,149.3272141566203,144.86925243582172,148.31371810294996
9,44,0.0,150.58123054214298,154.55608273326087,148.02740611187798
9,45,1.0,151.865588228058,154.99791167589066,149.63591578158605
9,46,0.0,148.49070743362242,144.30948910307998,147.40407938230948
9,47,1.0,149.381205938808,146.0330626143916,148.22731195501117
9,48,1.0,148.95773466723716,144.78976104270276,150.25477080702132
9,49,0.0,150.69774976113277,153.43075197159592,147.5465392542617
