4,49,0.0,150.36599339159568,105.30069462656164,97.93350891874337
5,0,1.0,147.96360666358467,97.09364646234609,90.19845364272501
5,1,0.0,151.03536714031495,103.28868908998457,107.19866663394427
5,2,1.0,151.1562604958879,100.08796732899478,94.92740834335773
5,3,0.0,148.08545439358963,100.1906199042774,101.96331777868032
5,4,0.0,152.81995496407873,99.90244115632842,95.09327464417046
5,5,0.0,147.6301185292638,100.87891618919217,101.89521218381208
5,6,1.0,147.60025797086993,99.58475176215813,97.93584847781075
5,7,1.0,148.00866349985478,95.88865624127357,99.64432429954597
5,8,1.0,149.70497809163805,95.5762578339613,98.54857361434844
5,9,0.0,150.86090611672984,103.33541428882369,98.13614391818874
5,10,0.0,148.85401864469102,97.9737904163748,99.52096092295298
5,11,1.0,150.20104376804366,98.72377710120521,97.68343599092319
5,12,1.0,151.4713306114714,99.31811693982472,98.12850842374695
5,13,0.0,149.19696136254612,101.7013261750582,97.99462289016594
5,14,0.0,150.9821551087753,97.99902865454953,102.04949712548998
5,15,0.0,151.06796570928114,102.07558644118662,95.21303017032821
5,16,0.0,147.84916456535538,99.8784943062117,102.75331214603509
5,17,1.0,148.46681602423712,98.99532034572705,98.12264237395638
5,18,1.0,148.5483006784833,97.03777946876693,98.04474756078089
5,19,1.0,149.4837473894912,97.95329399710303,99.00429834371783
5,20,1.0,149.67037548236465,96.37266013094633,98.82338401010468
5,21,0.0,149.40461111848043,101.75889117353715,98.43270808152224
5,22,1.0,149.977540539284,100.48842460320975,100.37417305452676
5,23,0.0,149.25193241493105,98.73099398497575,96.94712700187719
5,24,0.0,151.81692943788332,99.24483751927524,97.62930877846101
5,25,1.0,151.14119903789765,95.12852157558305,99.83446330651138
5,26,0.0,148.806690510348,103.94856320286728,98.73252413062343
5,27,0.0,149.79439235603482,95.8106764110624,97.8995493582319
5,28,0.0,149.5240461332141,102.29944576339672,101.4468570304263
5,29,0.0,149.37684928545363,98.90575192677969,96.45244089507419
5,30,1.0,149.86061006481805,98.47765331195043,99.04527612683593
5,31,1.0,151.01396981018647,97.78090234247156,97.56662774994993
5,32,0.0,148.06957068447036,101.54353126773951,101.93500746146505
5,33,0.0,152.77725283739613,99.30318442693792,95.8948369504909
5,34,1.0,153.02247521953456,99.37078929856963,100.1077117274855
5,35,0.0,146.07534389762796,98.49993545345149,96.70328696400483
5,36,1.0,147.53842899064662,97.92168785327404,100.82759076819941
5,37,1.0,148.2141059586143,97.89596422688892,101.57418764151653
5,38,0.0,152.4602859618719,100.68064455618311,100.99321922761962
5,39,1.0,150.82889466223443,97.5238920948952,97.67070432722389
5,40,1.0,150.32641296896966,97.00302174473127,99.10419636576431
5,41,0.0,148.9754383494498,103.48208994592814,97.7495712521176
5,42,0.0,148.27639782296248,95.80348875553487,99.66700241150336
5,43,0.0,150.40165710146167,103.31206197619557,95.67598098204797
5,44,0.0,148.91896255591067,97.5302408488767,103.00350671730592
5,45,1.0,149.6191062183434,99.07754057503281,97.32692978167708
5,46,1.0,149.78614566712943,100.6430791211965,96.98217080742602
5,47,0.0,148.8359315422185,98.41178308620833,101.64050216441382
5,48,0.0,150.3609007246722,100.77829495779329,94.01230853308364
5,49,0.0,150.2161677862054,100.6941205108078,102.38942135878635
6,0,1.0,136.4609421606866,115.5862498994571,118.42710610020696
6,1,0.0,164.855334140058,88.02737997400739,83.36301300563423
6,2,1.0,159.09101961857576,89.87952605404095,105.34200891602377
6,3,1.0,154.87969319965725,87.4732035149276,97.81301255317607
6,4,1.0,153.4724231609784,90.49996453118808,100.83693027653138
6,5,0.0,144.47072706894318,105.9285200584878,97.50045528577711
6,6,1.0,147.05407157229212,100.89846858113016,99.53231597380135
6,7,1.0,149.6467423463295,98.54147808201287,98.78367728372633
6,8,1.0,150.54002307448295,99.25787470803634,99.09915556614969
6,9,0.0,150.02941823271652,99.97310570769555,100.54145908527806
6,10,1.0,150.45775422247246,98.11843586101895,100.43296576405068
6,11,0.0,150.21740215371597,101.50786483498273,95.2339994329849
6,12,0.0,150.16065061830668,98.78459500454568,100.71037155286591
6,13,0.0,148.58590241887327,101.50977875641577,97.81923635162903
6,14,0.0,151.89998023799828,97.19760747597125,99.60795611195485
6,15,1.0,150.1937757575939,98.11154903271137,98.69298348523604
6,16,0.0,149.53316783870295,101.08273101975854,97.19654688854234
6,17,0.0,149.74609782083513,98.73336590831825,100.4530257132908
6,18,1.0,150.1797637030508,98.45662695519019,99.43523859013015
6,19,0.0,148.65340954374835,99.51879140711634,97.97828374311537
6,20,1.0,149.6591860500225,95.12685037622711,98.41920418467674
6,21,1.0,150.3818329885953,96.7259979726611,100.1529815701013
6,22,1.0,150.16988427564445,96.06710967898626,97.47599394052327
6,23,1.0,150.69231470476376,95.04937791423443,98.41636787225842
6,24,1.0,149.94293146356083,94.11859092554106,99.70971937556651
6,25,0.0,151.2144671691949,101.97869219507106,103.2602596490467
6,26,1.0,151.19154804818336,98.76957026348701,98.55888046113407
6,27,0.0,146.1068270009136,102.2460159800623,100.01298499076943
6,28,0.0,152.86883728363506,99.9579684451343,98.83443948132337
6,29,0.0,144.93197078103165,100.91065042173904,97.96103162341373
6,30,1.0,147.98362619511136,99.79571711182818,99.95236720745484
6,31,0.0,152.5925834915833,98.44173968230228,97.47797210787903
6,32,0.0,147.82990206786022,101.32996470352373,95.0101826387604
6,33,1.0,149.18930034520508,98.60701169560187,100.52292619116136
6,34,0.0,149.00356915861337,101.83874737494955,95.20103502225655
6,35,0.0,150.37020275680013,97.80808828220836,100.67885439653567
6,36,0.0,149.43386192516675,101.47378143836514,95.58247552290106
6,37,0.0,149.9955381426839,97.7046842197995,101.63677067584705
6,38,0.0,149.94693730512586,102.7837372120706,94.87893096308721
6,39,0.0,149.106443141925,97.38344303774366,99.72821226654108
6,40,0.0,151.0848152279806,101.66628099682241,98.75557485899873
6,41,0.0,147.98862789532484,99.08302358569725,99.43703365886577
6,42,0.0,151.18017610013732,98.28733960152829,98.93863857259548
6,43,0.0,147.71417756824968,102.36965299801646,98.25196494434464
6,44,1.0,147.92378943635592,99.47981182409957,99.92401236036949
6,45,0.0,151.88084877245257,100.10407265906316,97.34812328749229
6,46,1.0,150.9892951962001,96.72177655433036,100.43123803730137
6,47,1.0,150.74130947923564,95.54910496855238,97.99491110764423
6,48,1.0,149.4874243622882,95.38286128992236,97.9558532682537
6,49,0.0,151.49496272916866,104.25826942414224,102.84346054179602
7,0,1.0,145.49987967343523,104.28041090747728,102.27673634260591
7,1,1.0,148.83682076311402,101.28853003199853,96.77170319281785
7,2,0.0,149.68007763106593,99.70689701559104,101.23070979546934
7,3,1.0,149.86589215232533,98.19592125357192,99.19155340495729
7,4,1.0,150.51959026234138,96.97051914238723,99.17844756514005
7,5,0.0,149.14761773720036,102.47452568361646,98.57656812741017
7,6,0.0,150.3659983281872,98.3578321230264,97.44407561412235
7,7,0.0,147.77037466879466,101.04513118212431,102.60197925844774
7,8,1.0,149.1652087816386,99.14421782548781,97.9830781748252
7,9,1.0,149.7011440208719,96.4787064921725,99.32535104655103
7,10,1.0,148.47561475555864,97.54717340701102,98.8811972049653
7,11,0.0,150.5373685599552,102.48516912504728,100.68211457834842
7,12,1.0,149.94809738374255,100.48912083335883,98.31559864472499
7,13,1.0,150.10561427583428,95.59090622178,98.7610182345845
7,14,1.0,149.7216723091207,93.96250152180274,100.62024713003397
7,15,0.0,149.6763227250358,104.76775095280844,99.23302346909804
7,16,1.0,150.03820001001003,102.61932208772186,100.6049710772873
7,17,0.0,148.25888547543073,97.71864280747229,100.87740523882732
7,18,0.0,151.8410572970611,100.71764494223225,95.78446247590142
7,19,0.0,148.011843014383,98.89848561596531,100.0200184795543
7,20,1.0,149.12003356885876,99.44490755471945,99.24225110364374
7,21,1.0,149.00384959427993,96.51551631574571,98.15391894882742
7,22,0.0,150.23294219988972,104.80689730602364,100.1378530505906
7,23,1.0,149.00824590713927,101.3533585218357,98.80006355672577
7,24,0.0,150.8887919132764,98.70378194386254,98.57293620096111
